,start,end,length,delta_x,delta_y,angle,interval
0,143,374,231,-7.178469145239546,-4.664362929281239,33.01465328303364,143
1,571,658,87,-6.176491614002373,-3.345970338807831,28.445587363386156,197
2,2889,2981,92,-11.427165271230123,1.0633204546262647,-5.316177819846869,2231
3,3007,3091,84,-9.954107812607276,-1.7524293114215581,9.984656166064275,26
4,3118,3217,99,-11.545002857485997,0.6119737310295434,-3.0342761285326554,27
5,3237,3357,120,-9.088430704536961,1.0392265665447056,-6.523216721079781,20
6,3379,3460,81,-9.326073450750968,-0.009279377713987458,0.05700888019745757,22
7,3486,3870,384,-19.730440886808182,0.13826888729629871,-0.40151631891537126,26
8,3907,5434,1527,-27.223612215418527,-1.5575101827171594,3.2744216730547375,37
9,5868,5927,59,-4.025950470897612,-0.3063655249182631,4.351689309804679,434
10,5984,6296,312,-11.717476701345433,-2.923449300677774,14.00899615349427,57
11,6329,6409,80,-4.835259110389401,-0.2731303939465448,3.2330441285041593,33
12,6427,6504,77,-4.565501149087709,0.7632079788471273,-9.490295755180586,18
13,6521,9598,3077,-42.76018139262527,1.8842753810655068,-2.5231704861803648,17
14,9682,11722,2040,-25.969344195438566,-0.4274530216950012,0.9429981159656301,84
15,11765,12088,323,-6.995759163720166,-1.039460828353171,8.451427255178693,43
16,12115,13075,960,-21.695380256302485,-0.9960684144971879,2.6286917835270636,27
17,13112,15623,2511,-22.80860455365429,-0.42019558005100066,1.055422312680563,37
18,15657,16810,1153,-15.45583420029115,0.7180612841717675,-2.659987039436093,34
19,16890,20065,3175,-28.67182895443203,-7.839769215478398,15.292645545361042,80
20,20109,20904,795,-8.959771543715902,0.03431147374884347,-0.2194132981098802,44
21,20937,21527,590,-11.603703440245283,0.8365174969057705,-4.1233517043119114,33
22,21574,22766,1192,-15.660420311638902,1.2243252355118983,-4.470267836809392,47
23,22796,25146,2350,-18.170233080951917,-2.0796001634012526,6.529145971857868,30
24,25184,25330,146,-4.041657668033196,-1.77560125011847,23.71708468882801,38
25,25355,25463,108,-6.435498152245771,-1.502433749684272,13.140924701784295,25
26,25495,25642,147,-7.525848448289267,-2.733656996153428,19.962829732717772,32
27,25672,25750,78,-4.152307569547801,-1.5483734368210378,20.450218249247584,30
28,25771,27931,2160,-22.178752299987906,1.3183102922648118,-3.401672282006905,21
29,27970,29328,1358,-12.75357972468501,-1.4060634899542066,6.2913679129958995,39
30,29367,30279,912,-8.425902557501516,-3.28937534097345,21.325101098490517,39
31,32652,33605,953,-7.937004147106109,1.468246179607874,-10.480523028164685,2373
32,35791,36321,530,-6.732245579677567,-2.947313737160343,23.64335077503898,2186
33,38233,42418,4185,-14.54228478869068,-1.9276843546877274,7.550945755139409,1912
34,42474,46809,4335,-13.996298976834467,-3.209228509740157,12.91418894716903,56
35,46862,49320,2458,-9.95307266605181,-1.5841715328795516,9.04357097123238,53
36,49407,52345,2938,-11.005573399552162,-1.8307536569920444,9.444549070788913,87
37,53283,53342,59,-4.135690408360361,-2.501420081949121,31.167116165611564,938
38,53370,53452,82,-5.417683776130346,0.4306197279420303,-4.544549232821788,28
39,53479,53600,121,-2.3630197574796625,-0.4979091230886752,11.898671031684756,27
40,53628,53797,169,-9.539036525566104,-3.241347984737871,18.767671324163228,28
41,57507,59830,2323,-6.6833572615798715,-3.309792544410257,26.34594902792984,3710
42,72124,80345,8221,-15.237653660081662,-1.4272767778482276,5.351153652431406,12294
43,80411,87548,7137,-15.316922836622552,-0.3065831427792389,1.14667776527309,66
44,87637,92210,4573,-13.758852396334234,-0.8623687117964352,3.586457394368138,89
45,92299,102248,9949,-18.97816958852144,-4.7709952662851975,14.111383174470781,89
46,102541,102873,332,-3.5954684174361944,-2.3929169237573547,33.645230693834044,293
47,112130,115590,3460,-11.345443201208724,-2.6622364380686037,13.205680623456992,9257
48,115673,120162,4489,-16.33014531747733,-1.89558682830733,6.621203745175579,83
49,120346,121228,882,-6.6985470917968115,0.7451939523968178,-6.347888321152209,184
50,125510,125645,135,-4.730648404229839,-0.8491293643726578,10.17596405473679,4282
51,125678,134016,8338,-20.287686421264326,-4.384410991077758,12.194760097456012,33
52,138289,142066,3777,-14.046303794235754,-0.07081932244247469,0.2888741381206827,4273
53,145638,149562,3924,-16.800967154734764,-4.736120503975272,15.742916364217397,3572
54,153556,155884,2328,-15.880713959638584,-1.731376090092219,6.222030286965995,3994
55,156015,158192,2177,-11.049235222470202,-1.521141363684265,7.838600981123653,131
56,160743,160881,138,-4.122993732754338,0.3908358477366036,-5.4151256505331755,2551
57,160995,165696,4701,-19.781536109887085,0.1847142610833714,-0.5349958636112293,114
58,165787,166936,1149,-6.142219558358079,0.6012775770770133,-5.591016281075482,91
59,167035,172171,5136,-16.72623036962331,-5.971851617761828,19.648349127558586,99
60,172238,178852,6614,-10.906334024317559,-2.9581005582492708,15.175120620927839,67
61,181059,183742,2683,-8.696735364157362,-1.8154275405343157,11.791066406147648,2207
62,183902,187928,4026,-14.816249902627803,-3.2420859845947376,12.342893297967063,160
63,187990,189297,1307,-10.801694483923086,-0.19636179233530981,1.0414535317858966,62
64,198206,202118,3912,-12.889981799175231,-2.1491680476988506,9.465945304030406,8909
65,202440,206427,3987,-14.976476810402104,-2.349742267955925,8.916760278475593,322
66,206499,209857,3358,-9.635186955349909,-3.260033215742922,18.693076480935474,72
67,213131,213398,267,-2.420176010205921,-0.3102240001038865,7.304479072358173,3274
68,213721,221288,7567,-25.944993577761323,-7.851589475994892,16.837098566722737,323
69,221347,225043,3696,-10.955730141223725,-2.6997046929595,13.842997169311504,59
70,227581,227820,239,-5.200559484206437,0.1943193414293063,-2.1398661211723304,2538
71,227884,228045,161,-4.431563749308893,-1.3786116478104589,17.280354048876315,64
72,228092,233340,5248,-24.09218835130163,1.3420126545236997,-3.1882650099978243,47
73,236200,240645,4445,-13.595668481241518,-0.20739825085770747,0.8739638541929798,2860
74,246623,247230,607,-9.264259595581692,1.1834964267850694,-7.280025315023878,5978
75,247303,247639,336,-5.729817009223439,-1.442047139171848,14.126490069517631,73
76,247703,251066,3363,-20.433812264065196,-2.018782414172435,5.642293632131011,64
77,251121,251221,100,-3.6133412363129054,-0.3095885504653779,4.897102576007632,55
78,251261,251505,244,-7.247053742568795,0.8209738426737658,-6.463130459808975,40
79,251841,255586,3745,-25.824308834694207,-3.0641797907789368,6.7667846767735345,336
80,255777,260953,5176,-15.368777482753842,-5.2758914577673295,18.94664633276903,191
81,269923,270126,203,-3.8176575032914144,-1.485292016806767,21.258945289659696,8970
0,322,454,132,-4.70030333089845,0.017073363166737465,-0.20812004680436547,322
1,474,548,74,-3.768336530763662,0.2199888449555445,-3.34103463099666,20
2,569,645,76,-5.158352766207599,-0.4246366189417472,4.705988807750786,21
3,669,758,89,-4.159217104410601,0.4775797432528819,-6.550268218078998,24
4,3714,3792,78,-8.156168495937223,1.8125053425051334,-12.5289647196905,2956
5,3817,3872,55,-5.47855381149769,0.3663972536571123,-3.826155956320867,25
6,3891,3972,81,-8.905482319067772,1.3996096362584751,-8.93169954922887,19
7,4003,4203,200,-12.907715733038089,1.545037520126371,-6.825757830724776,31
8,4229,4406,177,-9.666344958241794,1.9449862273266731,-11.376697764992958,26
9,4431,5062,631,-15.983502611390463,1.7616559027602179,-6.2895905163974675,25
10,5102,5204,102,-4.211190294046702,-2.732124394274315,32.97458921966932,40
11,5329,7491,2162,-33.27370708943444,1.9531897601361408,-3.3594470375398204,125
12,7527,7636,109,-2.6834098051359945,0.38860709065556165,-8.240195811985148,36
13,7653,7715,62,-3.156283026885191,-0.28468787303037146,5.153971972445095,17
14,7737,8694,957,-24.85283964661062,0.566007402830266,-1.3046489154838954,22
15,8731,8807,76,-2.3851781910128835,2.207005298775755,-42.778085996659094,37
16,8831,8896,65,-2.743981730764105,-0.3927173899372889,8.144835107646488,24
17,8915,10236,1321,-24.10178438151607,0.592621024089226,-1.408519911640909,19
18,10264,11106,842,-10.603189751618231,0.5259503180654761,-2.839716677754312,28
19,11143,11206,63,-1.1994684744338144,0.6610094643334321,-28.858513956042266,37
20,11223,12886,1663,-16.941446059501644,-0.5781368785044307,1.9544939326282245,17
21,12924,13896,972,-11.660269835117077,-0.15460867267105982,0.7596655530877731,38
22,13938,14918,980,-11.709128946340144,0.330240395396018,-1.6155229288086332,42
23,15486,15879,393,-13.738257542184002,1.390510955198458,-5.7794819372502575,568
24,15910,16392,482,-7.525271432303711,-0.13303617550732127,1.0128029949278934,31
25,17830,18037,207,-18.288407033547813,-0.6852980241685884,2.1459672414246747,1438
26,18068,18212,144,-12.033529006349724,-3.6695238049764356,16.958645481758722,31
27,18234,18333,99,-9.140417679428793,-1.9667306091461967,12.143111515873883,22
28,18363,18439,76,-7.753531962396579,-1.8842409280693744,13.659073780395095,30
29,18461,18645,184,-14.463228024582918,-1.2593003679052117,4.976142992490638,22
30,18669,18726,57,-5.409336326529257,-0.8981109020950129,9.426813681275105,24
31,18752,18793,41,-6.318126890258455,-0.6681669455819303,6.036817313474144,26
32,18812,18970,158,-16.875815533585538,-2.4102854055702636,8.128287720145577,19
33,18990,19202,212,-15.852974872250073,-1.4960353735250607,5.3910015558722995,20
34,19231,19333,102,-7.037867971959699,-1.094819225952591,8.842130630454639,29
35,19357,19454,97,-7.353602329400857,-1.4918368915571278,11.468045880719824,24
36,19481,19533,52,-3.4515822516601418,-1.937220634103653,29.30357266853996,27
37,19552,19713,161,-13.270871927825198,-1.1012832989864307,4.7438206977844555,19
38,19739,20058,319,-22.996283167681284,-2.655105162689125,6.586094745325377,26
39,20086,20296,210,-9.011597618628727,-1.9785656686649702,12.383244421199073,28
40,20327,20490,163,-4.838007939635631,-2.9005339807002315,30.943978516279323,31
41,20514,20738,224,-5.396893942285743,-2.2908531382779103,23.000068132973002,24
42,20761,20802,41,-2.120897900947085,-0.7954821784794746,20.5594903888621,23
43,20821,20904,83,-5.667333300119552,-3.8053285180695866,33.879369148941414,19
44,20924,20993,69,-6.690587875549937,-0.23641097954848078,2.023696343309225,20
45,21011,21197,186,-16.789009928887623,-5.187487997063613,17.170164371203192,18
46,21219,21452,233,-21.37192823001618,-1.3215523364044515,3.5384305263919478,22
47,21474,21576,102,-10.06377842573572,-1.4671785703584277,8.294604094131447,22
48,21594,21670,76,-9.745939754094621,2.473035343838731,-14.238302051055706,18
49,21703,21885,182,-24.890703911593405,-1.5366437384018212,3.532708576448609,33
50,21914,21990,76,-10.208217799028745,-1.1617947196516667,6.492881182565098,29
51,22014,22081,67,-11.519698720154622,0.021361774393696464,-0.10624740650697474,24
52,22112,22190,78,-12.581797874530707,-0.10209232941215873,0.46490424341483255,31
53,22235,22559,324,-29.02150837397113,-3.759168512004692,7.380453393484683,45
54,22583,22683,100,-16.575124032941858,-1.4575548099569318,5.025450942311687,24
55,22715,22864,149,-21.08382781631552,-1.649012233784049,4.472124034851108,32
56,22894,23112,218,-23.504402432802053,-2.144794778060998,5.213844511064755,30
57,23139,23281,142,-14.643023155361433,-1.7056435390149574,6.643966656538935,27
58,23302,23490,188,-18.91077195359658,-3.0434844345158822,9.142737987722178,21
59,23512,23567,55,-6.827879124492085,1.9301366974887486,-15.784783824331024,22
60,23591,23770,179,-22.404101580205563,-2.0129652468717794,5.134129334610029,24
61,23792,23923,131,-15.483279025776355,-1.3271928860290672,4.899293335005782,22
62,23954,24138,184,-21.413034661400005,-2.9969442247134026,7.967299343638906,31
63,24174,24241,67,-12.768085503265624,0.9112358441629738,-4.08217781530891,36
64,24254,24298,44,-7.874560112477283,-3.5087324002141287,24.016711080303363,13
65,24324,24377,53,-13.002404016788276,0.1059417366283526,-0.4668275232852847,26
66,24429,24479,50,-10.493843351231362,-3.7074604015539876,19.45824436735638,52
67,24500,24568,68,-11.065468596759132,-4.039412678051022,20.05444272417108,21
68,24682,24761,79,-13.98597767223417,-2.0112448127952973,8.183282382468617,114
69,24781,24861,80,-12.569015758731254,-4.182512818490181,18.405572560159825,20
70,24878,25096,218,-27.578625079684457,-4.070881223573565,8.396796014775672,17
71,25131,25170,39,-6.0516602802223645,0.05353582880916008,-0.5068521509069928,35
72,25251,25330,79,-12.349356638775205,0.38628005487349526,-1.7915915534023357,81
73,25354,25439,85,-12.129377432653598,-1.7792463238211838,8.345144598509448,24
74,25556,26043,487,-36.06620402697057,0.3580355673314415,-0.5687666235589092,117
75,26072,27722,1650,-24.213909263042495,0.6027872712830202,-1.4260413038417854,29
76,27761,27909,148,-3.8936642102934798,-0.18999009854157123,2.7935135784955127,39
77,27944,29146,1202,-20.28477561681116,-0.4766564523269352,1.3461020491936628,35
78,29205,29415,210,-9.684063798886669,0.7408359137400709,-4.3746362511926415,59
79,29497,29654,157,-10.848449594615516,-0.06939035713200781,0.36647820951200355,82
80,29960,30211,251,-6.67161693964168,1.12999837784551,-9.61318142036717,306
81,30266,30553,287,-6.5823989092914985,0.4069698268129116,-3.5379214454076737,55
82,30587,30755,168,-4.182739906523338,3.1298129078976444,-36.806355410419364,34
83,30774,31018,244,-6.158190467048755,0.3251413126149032,-3.0223071816637455,19
84,31052,31266,214,-6.968147171437806,-0.5918735554804613,4.855042750867719,34
85,31293,32015,722,-7.3500547914827195,-0.558599031848189,4.346084576576589,27
86,32076,32230,154,-5.451256295421118,-0.4422363130272089,4.63799620251039,61
87,32275,32525,250,-9.82645396026335,1.5404258326339715,-8.909357284613158,45
88,32560,32697,137,-8.62164664424688,0.5079335677102534,-3.371612286780748,35
89,32715,32902,187,-7.375601814119989,-2.485785803045033,18.62526739893806,18
90,32940,33070,130,-7.41844457217978,-1.4617674594204715,11.147043566943895,38
91,33094,33176,82,-3.796507315737742,0.5396828234360811,-8.090530152779113,24
92,33205,33391,186,-10.272298350329649,-3.1408045622784613,17.001263933074352,29
93,33412,33490,78,-6.384001871632279,-0.10965103735944126,0.9840103570569593,21
94,33516,33629,113,-8.927579071305018,-1.1228243355789687,7.168468397936558,26
95,33653,33793,140,-10.409707348483025,-1.4542619181371492,7.952890684451973,24
96,33824,33917,93,-8.326044787628646,0.3267584291019858,-2.2474387860561573,31
97,33933,34021,88,-6.978023002050094,-3.103927689541905,23.98020469002344,16
98,34055,34173,118,-10.782814201523465,-1.4165410799710827,7.48410377264508,34
99,34196,34243,47,-2.772219326967516,-0.5615504653123509,11.451091498221755,23
100,34265,34351,86,-10.741475102397246,-1.2063461233370703,6.407883888147829,22
101,34365,34413,48,-8.308451584652275,-0.3562160556149365,2.4549923208565163,14
102,34431,34484,53,-10.100278035931865,-1.4059876863748002,7.924811259608593,18
103,34504,34563,59,-10.839846749772889,-3.1973137009544814,16.433914398019258,20
104,34585,34654,69,-10.975155148459024,-1.6589846042121081,8.59565381172499,22
105,34674,34796,122,-18.31239625313549,-3.6806378822553256,11.364551543097713,20
106,34820,34950,130,-18.47587142625983,-1.3044767100926862,4.038628783248718,24
107,34970,35093,123,-13.673523309564075,-1.260466450568316,5.266812107374692,20
108,35117,35281,164,-17.609921556907025,0.06549665418707207,-0.21309944744889844,24
109,35315,35618,303,-23.229066767308467,-2.3244038545373797,5.714249423040892,34
110,35649,37542,1893,-20.56994869885594,-1.8152648181137607,5.043195508390416,31
111,37609,38035,426,-9.692015151167624,2.1739092662760697,-12.642148533322946,67
112,38221,38296,75,-3.2094658251832158,1.2187308067231015,-20.79327736621639,186
113,38675,38792,117,-3.2146156923219564,-0.37897655627187987,6.723662799093141,379
114,38817,38939,122,-2.775593839987337,-0.5656204420830733,11.518225207033142,25
115,38966,39078,112,-3.5153198336583102,-1.90132567526706,28.40755809724133,27
116,39112,39210,98,-4.199556824525402,-0.4590653817053578,6.23839355158038,34
117,39239,39503,264,-7.27512110971152,-2.602897648312691,19.686227162740828,29
118,39572,39675,103,-11.43124019132081,-0.7780680620198552,3.893834956231319,69
119,39861,39932,71,-8.546809944253752,-1.916586300156311,12.63924702302552,186
120,39955,40378,423,-31.661103974128565,-3.071728166505352,5.5414351996031375,23
121,40466,41166,700,-13.955280363826745,-0.3803722259972204,1.5612963732808565,88
122,41206,44585,3379,-15.61986070920645,-0.9123026769630513,3.3426531388491454,40
123,44628,48867,4239,-14.116694279285895,-0.516927110421463,2.0971279656433737,43
124,48917,49135,218,-5.781647596947977,0.1651011941565912,-1.6356983783502308,50
125,49211,49314,103,-3.506686609022168,-1.1779561615140892,18.568082847113118,76
126,49342,51170,1828,-18.224508749911678,0.4288493325793894,-1.3480046770488692,28
127,51234,53504,2270,-12.58785772767662,1.3279176628346931,-6.021970833846938,64
128,53608,56151,2543,-9.949479546971801,0.21081560556757495,-1.2138360862855104,104
129,56207,59197,2990,-9.643168986547067,-0.15788074506230032,0.9379792311341134,56
130,59301,60929,1628,-8.193424670929787,0.8748655785687731,-6.0947528264576105,104
131,61031,63316,2285,-10.457191038201444,0.7221754284621369,-3.9505839308349584,102
132,63374,66524,3150,-15.275274182606438,-1.6862536979377154,6.299435722459361,58
133,66566,68058,1492,-5.096522014303204,-1.9044936260078202,20.489959707552412,42
134,68107,69582,1475,-6.195305259765291,-0.6844260456639404,6.304184456643407,49
135,69637,69822,185,-3.7813842692265496,-0.9709749242651355,14.401143760351841,55
136,69868,71742,1874,-10.592147101204034,-1.6190017542539152,8.690356266127788,46
137,71953,72927,974,-4.709566160037852,0.11682730570302624,-1.4210096686752454,211
138,72974,73146,172,-4.7669697059514675,-0.20296799752358652,2.438066635743175,47
139,78860,80606,1746,-8.786589982856967,-3.0688991299678037,19.25281613501603,5714
140,80673,82718,2045,-9.785950229685639,-1.6553579571120878,9.601072201605573,67
141,82755,82893,138,-1.0768755774508776,-0.49467796896448135,24.672351164952687,37
142,82925,85149,2224,-11.033715532455545,-0.016655693403023974,0.08648947031530084,32
143,85255,91175,5920,-11.454423357650484,-3.233701505361239,15.764918876697926,106
144,91240,92955,1715,-5.79960364003631,-1.0162351743362024,9.938749926949585,65
145,95398,98003,2605,-5.30681856311341,-1.4605321227474093,15.387864220488098,2443
146,98064,101259,3195,-7.627947742186976,-0.47281160400133615,3.546890514789259,61
147,101393,104773,3380,-6.284947923943477,-2.5850994285993636,22.358148013619413,134
148,104834,105659,825,-4.203634772147964,-0.26842206789707745,3.6536475129303163,61
149,106801,109104,2303,-8.064224957372986,0.9649463999204073,-6.823437217497994,1142
150,109149,111682,2533,-7.860639698335419,-1.1033138831860327,7.989800017190259,45
151,111745,114597,2852,-5.632156593076758,0.9167586647445773,-9.24508170576946,63
152,114642,115733,1091,-1.944639184086597,-1.7128666736146272,41.37407168384678,45
153,115781,118340,2559,-6.733201277061525,-0.34790142830117077,2.957816373548828,48
154,118527,120664,2137,-3.9044741433020107,-1.3516875425294188,19.095310853157873,187
155,120716,121605,889,-3.092394874799737,-0.470359568649684,8.64851692308739,52
156,121651,122775,1124,-5.4961176597092845,-0.3171634966636958,3.302694660552712,46
157,122951,124569,1618,-10.880199737492589,-1.4752168139634705,7.721492238165281,176
158,124722,126992,2270,-5.713559377115118,-1.6968989957487395,16.541160204351776,153
159,127051,129656,2605,-4.3898771988396135,-2.22227759267129,26.849797855649967,59
160,129714,131504,1790,-4.631917292794554,-1.9151139834935265,22.463152630104876,58
161,131558,134654,3096,-6.174272611318983,-1.9000410639548306,17.104974344373534,54
162,134730,136775,2045,-4.776880756515155,-2.508041305212984,27.701155010964168,76
163,136826,138800,1974,-5.946777523120474,-0.9526714328567465,9.101427843041591,51
164,138857,140099,1242,-4.446780510530445,-1.2748971433363323,15.997658693680606,57
165,140163,143330,3167,-5.750927166987722,-3.3644506699090044,30.328808942697588,64
166,143389,143800,411,-2.5011140199599424,0.2544592063548947,-5.809189885597739,59
167,143838,143917,79,-1.2258957667194323,-1.4838832842789458,50.43851577782098,38
168,143942,144196,254,-5.529589196712024,-0.7797638191741498,8.026729103429563,25
169,144237,145971,1734,-7.964195110827191,-0.6466861240871964,4.642185822511029,41
170,146027,147108,1081,-3.114805988703367,-3.1783662552125236,45.5786606585706,56
171,147156,148818,1662,-9.005589268308213,-3.338273356548754,20.3391917731474,48
172,148865,151334,2469,-6.757657052662154,-2.235351663824602,18.303594071888295,47
173,151372,152600,1228,-6.602414736904848,-5.0186015311061425,37.239049151402405,38
174,159829,160850,1021,-11.564526591935902,4.229875083729823,-20.090646149494212,7229
175,167338,168201,863,-6.526725416213836,-1.3216652254144634,11.447624333502842,6488
176,168231,168934,703,-5.392674437274465,-0.7687492264320213,8.113100140088099,30
177,168986,172007,3021,-8.873979588973398,-2.7310412522885485,17.106185213069438,52
178,172086,174078,1992,-6.785804644041448,-3.231059975697704,25.46144835620133,79
179,174146,175793,1647,-5.588510878983826,-1.168518519851233,11.80999788281489,68
180,175839,178006,2167,-6.109630652093671,-2.7630918027106617,24.334949532715285,46
181,178065,179428,1363,-6.3075869288318955,0.30634904443134303,-2.780576084003631,59
182,179475,180482,1007,-3.339247817738098,-3.9098621768910533,49.5007621844716,47
183,180537,181578,1041,-7.108704281080847,0.9261945671788112,-7.423262938817473,55
184,181629,181890,261,-1.1238750902212047,-3.3211268643152607,71.30409160045876,51
185,181937,183367,1430,-5.809607603093042,-0.021608762809734117,0.21310995245066774,47
186,183412,184654,1242,-3.417700516171763,-3.6189920726990294,46.63855563786266,45
187,184701,186715,2014,-9.828979665771072,-0.964306283459905,5.603270246126659,47
188,186779,188598,1819,-8.187659825449884,-2.670453919256829,18.064044649100634,64
189,188654,189201,547,-3.172294583028787,-1.5391875103792643,25.882517892840287,56
190,189256,190771,1515,-6.252062488650509,0.4951879601545386,-4.5285973753000315,55
191,191168,192674,1506,-7.024174415970165,-1.0702024330016826,8.662955962870637,397
192,192721,196063,3342,-6.660855569356457,-2.587485991870011,21.229232068892166,47
193,196119,197327,1208,-8.03656732531094,-0.4877166839767142,3.4728605665271965,56
194,197368,199629,2261,-7.354246707302508,-2.3415783119386333,17.66137726538687,41
195,199683,201483,1800,-5.779904801232163,-2.79329724751679,25.793427640861598,54
196,201555,203816,2261,-9.235876908961288,-2.0471287224550423,12.497540802786228,72
197,203866,207250,3384,-8.166910456274238,-2.4827153332617087,16.909108397307012,50
198,207292,208887,1595,-5.764015949109378,-2.3586852571588537,22.2548029554928,42
199,208941,209684,743,-6.179473993264821,-1.6808048801203768,15.2162227156714,54
200,209718,209959,241,-3.1265979361011063,0.5209633183957578,-9.45989129089079,34
201,211709,211836,127,-3.6811502687231297,-0.12946089544820438,2.014182132870895,1750
202,211865,212000,135,-6.369257481223684,1.3570028644902408,-12.027327264217663,29
203,212028,212348,320,-11.979519782822805,-1.4229572539817212,6.773995920788883,28
204,212377,212502,125,-7.490386808521336,-2.3153840691008725,17.1771157219549,29
205,212519,212576,57,-4.621332996461135,0.5462715437114412,-6.741450104322116,17
206,212604,212645,41,-4.251862259347632,-0.4701518739652073,6.309877005273495,28
207,212660,212875,215,-14.417998069372516,-4.039002945385178,15.649481652070806,15
208,212897,213011,114,-8.823130711124179,-3.2127302434474103,20.007874311213172,22
209,213035,213116,81,-8.117478209974479,-3.4934700125563296,23.285301424505597,24
210,213141,213174,33,-3.849005859595948,-2.6045331842829995,34.08530247504259,25
211,213196,213245,49,-7.898843451947684,-0.033116687243762044,0.24021685003388746,22
212,213420,213681,261,-26.52866162032099,-4.880092123401326,10.423340063116227,175
213,213700,213782,82,-8.825351645794782,-1.46674423853176,9.436120352277024,19
214,214515,214616,101,-18.7869816426919,-1.939049014346196,5.892767839349622,733
215,214637,214686,49,-7.710245622879853,0.639141574103121,-4.738704974645771,21
216,214704,214828,124,-17.6926164075078,-2.921830515580126,9.377420211873204,18
217,214852,214980,128,-18.43853167714063,-2.9707856025221133,9.15274271446564,24
218,215008,215104,96,-15.279603994597622,-0.7964008907763684,2.9836608286663697,28
219,215162,215224,62,-8.616264848220268,-0.2621455377051376,1.7426577984024605,58
220,215245,215306,61,-9.927111150549152,-1.6049789900904443,9.183902083291262,21
221,215324,215465,141,-20.049543461878642,-0.8694023205946309,2.482944181090755,18
222,215523,215581,58,-7.030581005241061,-0.634463741179971,5.156599672137125,58
223,215604,215738,134,-16.92800318036916,-0.08625633026468904,0.29194706877931814,23
224,215771,215875,104,-13.370514751149912,-0.7653157105222732,3.2759820326286975,33
225,215895,216005,110,-12.875294770013241,-1.5941830919934716,7.058280455633681,20
226,216030,216126,96,-12.45249335367916,-2.5814332884210387,11.71167299364707,25
227,216150,216583,433,-19.654267652715262,4.297661816008883,-12.3343320085591,24
228,217826,218054,228,-11.89152657851669,-0.333769159522717,1.6077451920478747,1243
229,218107,218224,117,-3.4397621856069804,0.8271200228770255,-13.52056954857932,53
230,218258,218552,294,-15.343456254715605,-0.6050095465128322,2.2580665105120308,34
231,218814,219015,201,-2.9085334516428816,0.01644779414698405,-0.32400491765854444,262
232,219044,219426,382,-4.648885946936133,2.3482633098456063,-26.799430878725843,29
233,219465,219737,272,-4.688654941598756,1.6060453526518188,-18.908312011003904,39
234,219767,220929,1162,-10.201746489757383,1.1923758551202184,-6.666460029678112,30
235,221021,221430,409,-7.59483393849851,-0.950611128896341,7.134352292264198,92
236,221457,221673,216,-4.5943503368455225,0.3830700293492555,-4.766211566719999,27
237,221710,225399,3689,-21.842484017296115,6.285058868679755,-16.052892008136638,37
238,225440,225662,222,-1.8380314672410094,-3.4127031088032282,61.69375074505687,41
239,226069,226112,43,-3.576638974404844,-2.8600840238968743,38.6478194459748,407
240,226131,226185,54,-7.771526303376916,-0.34903071662708385,2.571510005554146,19
241,226210,226272,62,-4.658096608399433,-2.677596127518015,29.891419002333038,25
242,226298,226346,48,-6.288010183424433,-0.12722307335712912,1.1590869824449357,26
243,228101,232233,4132,-20.817916140705805,4.5459807025718675,-12.318234877888893,1755
244,232277,236971,4694,-10.95266484316977,-1.3075602258759744,6.807912129038309,44
245,237018,243427,6409,-10.672918688012729,-1.105208436251857,5.912054863058222,47
246,243506,243668,162,0.42910271700705493,-0.21644302751896305,-26.766762168018367,79
247,243703,247134,3431,-10.34051013889163,-0.14935616087052495,0.8275106862155938,35
248,247293,247442,149,-1.6013524161447918,-1.0102464702473384,32.246630514151285,159
249,247579,254360,6781,-14.75051784441176,-1.5865235402053486,6.13896990479656,137
250,254440,259643,5203,-9.468250170570656,-2.246758374598514,13.349041877485925,80
251,259687,262190,2503,-6.702690962812085,-1.225321418087276,10.359865923432269,44
252,262265,267200,4935,-5.611022310211354,-3.5895216040722744,32.608138839207385,75
253,267273,267714,441,-3.3202230923717337,-2.0814871499341194,32.084085906523335,73
0,416,464,48,-7.740914787474765,-6.554709526815074,40.25664547826854,416
1,483,525,42,-3.628458292217829,-1.484202142731803,22.246762487157863,19
2,541,610,69,-5.319071568142178,-2.96815675454296,29.162460357279404,16
3,638,700,62,-5.215374861813515,-0.7184332683784049,7.843300023138687,28
4,719,787,68,-6.102960110893832,-0.7723096063968597,7.212257013194511,19
5,810,888,78,-7.033085358875084,-0.9484849487756861,7.680594249695648,23
6,906,1112,206,-16.353437235867574,-2.889750525120064,10.021060168666175,18
7,1141,1172,31,-2.2430903424853597,-0.7584528204463936,18.681861718703342,29
8,1193,1238,45,-5.010547858319157,-2.0874393482740743,22.617049751244792,21
9,1255,1300,45,-4.617297577422491,0.41346998882772823,-5.117076690671731,17
10,1362,1399,37,-4.036150691674962,-1.5486025547463385,20.990960872387266,62
11,1586,1875,289,-23.671522295463163,-0.1588800735368352,0.3845557905398683,187
12,1898,1965,67,-5.800763796419204,-0.025861951064484856,0.2554440898257261,23
13,1990,4614,2624,-28.589614370195292,-1.6847768042971865,3.3725215903824,25
14,4659,5010,351,-7.07987189972593,0.03853795749125766,-0.31187577104829345,45
15,5170,5239,69,-4.179839909888898,0.0841366450186598,-1.1531598910887293,160
16,5257,5357,100,-6.252279183563033,0.4759354948751593,-4.353069666789024,18
17,5385,6017,632,-23.25174817242589,1.3334051106727856,-3.282114580051904,28
18,6052,7528,1476,-15.346625188450929,-0.5397090735151693,2.014144007335079,35
19,7574,8331,757,-10.959056242527495,-2.127239834210471,10.984961814243109,46
20,8381,9509,1128,-14.54732568908058,0.5224258181021924,-2.056731053935283,50
21,11488,13461,1973,-13.96133660264708,-3.6650659782768145,14.709129814636487,1979
22,13509,14036,527,-7.227472106390223,2.0144195644889606,-15.574059151766422,48
23,14090,16201,2111,-13.460484740976824,-1.7831697413920011,7.546284728909467,54
24,18593,19777,1184,-6.799778812037019,-1.4138072799212438,11.745567867577856,2392
25,19823,21681,1858,-10.545847351601395,-0.6992084005430854,3.7932600985657183,46
26,21723,23643,1920,-11.655846039236707,-2.836198158415627,13.675912637222613,42
27,23729,26316,2587,-9.318187488369887,-1.8005886229938142,10.936687030484146,86
28,26380,28337,1957,-7.326300289326795,-3.1115412825330253,23.011339221137398,64
29,28390,30140,1750,-8.388200502695923,1.4589351445228402,-9.866587064495008,53
30,30213,31730,1517,-6.6329437503244435,-0.6615201443544976,5.695418563061269,73
31,33399,33509,110,-2.8241792095784177,-1.0343387368529022,20.114954316004695,1669
32,33541,35810,2269,-11.419536902945737,0.16698533564056106,-0.8377636687191887,32
33,35940,38072,2132,-9.154059768972914,-1.5927638917991374,9.870384604456834,130
34,38132,41124,2992,-11.796093229282945,-0.8268044563038757,4.009383081817193,60
35,41188,44477,3289,-6.9783339055409215,-3.515056643186014,26.734853036626703,64
36,44537,46854,2317,-7.264741379601503,-1.1335027337781582,8.868239631914548,60
37,46939,48448,1509,-5.913453642713719,-1.7304977502620176,16.3114501798745,85
38,50082,51621,1539,-8.51344628643919,-1.1755445813998477,7.861741172648676,1634
39,51779,55402,3623,-9.500601085970871,-1.2438453025461627,7.4588998701562454,158
40,55497,59303,3806,-5.649031319347941,-2.4506598069367556,23.45213909935247,95
41,59478,66810,7332,-3.791659772592851,-1.138171372239242,16.708579887966888,175
42,66873,72146,5273,-6.7147329134974,-2.839267562703185,22.9206573116848,63
43,72207,75091,2884,-4.344843762440547,-2.3071764991257737,27.96896516767517,61
44,75178,80621,5443,-8.364689830000216,-3.523717346305972,22.84379274563713,87
45,80688,82446,1758,-1.6708112968359927,-0.8789816479430641,27.747993690065606,67
46,82970,85077,2107,-11.220584053999929,-1.6830101908589796,8.53037899202654,524
47,85128,89221,4093,-7.3509768423342905,-3.0628919254866958,22.619764716392805,51
48,89288,92981,3693,-4.252928776701026,-3.3384199357963524,38.13083709467814,67
49,93051,97325,4274,-6.736879671260752,-0.59151280349964,5.017826926254369,70
50,97398,102854,5456,-6.048543505625162,-3.713629546135323,31.54871309479875,73
51,102965,105291,2326,-3.9398673535891646,-4.759740695688535,50.383799544567445,111
52,107170,110947,3777,-4.755710186735698,-1.9004366321892832,21.782219336892723,1879
53,111018,113918,2900,-3.5755249216272063,-3.2998735834014212,42.70410337871534,71
54,113987,114541,554,-4.454977294732032,-0.9948617364437382,12.588440414764294,69
55,115288,115367,79,-1.5702248706961655,-1.0287183496238015,33.230442992898894,747
56,115386,115443,57,-0.8510101512830772,-0.15188455488262775,10.119351157142988,19
57,115470,115861,391,-9.32258277982757,-1.3864903458771636,8.459242858848148,27
58,115892,119857,3965,-14.76656812503137,-4.302089716270686,16.24294593989311,31
59,119918,123299,3381,-12.084384759688845,-2.25141925819446,10.553671794899003,61
60,123395,127447,4052,-9.894158334649134,-1.5588448642032802,8.953468326500339,96
61,134035,137702,3667,-10.428355271253906,-2.120720702518682,11.494976477324006,6588
62,140683,143938,3255,-8.88329102215394,-3.315574285146184,20.467442953076983,2981
63,144000,145640,1640,-6.355331895044145,-1.1174667267556657,9.972457634519035,62
64,145719,145808,89,-1.8880814697609196,-0.3644127403871096,10.924154634673648,79
65,145834,146176,342,-3.3774215747408647,-4.578435398900552,53.58453510311651,26
66,146316,146381,65,-1.2463333595895278,-0.447818461555201,19.763806110396995,140
67,146397,146443,46,-1.5392337080711087,-1.239555253703088,38.84472699633081,16
68,146470,146539,69,-3.3953051234813927,-1.973769105095954,30.170423687283776,27
69,147463,147597,134,-5.443064946087276,-2.027201082518644,20.42721375099,924
70,147777,148139,362,-10.296050047325608,-0.8985270893422381,4.987515634956816,180
71,150696,150910,214,-9.021973919554085,3.428977557495344,-20.81027298101285,2557
72,151257,151310,53,-3.7269535114302528,-0.31583316941176065,4.843842418207525,347
73,151336,151396,60,-4.772007396497244,-0.8990898656563218,10.66996842201563,26
74,151422,151476,54,-4.911967164039282,-0.7902000299631453,9.139008393569958,26
75,151489,152232,743,-24.57138039484397,0.22695362515648299,-0.5291975822251163,13
76,152279,152328,49,-1.9900407204888353,-0.7776784671500394,21.34482264422791,47
77,152348,152409,61,-4.488061835234262,-1.4849606635372226,18.30778022623038,20
78,152422,152500,78,-3.9356242158547587,-2.6167226814993825,33.61918759282234,13
79,152512,152566,54,-3.642568414012473,-0.9671440504464215,14.869610983434617,12
80,152587,152961,374,-13.685016381781736,4.77390488755141,-19.230903657759775,21
81,153524,155440,1916,-22.78932839101573,6.112211368918679,-15.013672946401206,563
82,155528,156789,1261,-12.031668770136548,3.260711635735163,-15.16353844066336,88
83,156860,160244,3384,-15.029569040862143,3.2701104090980664,-12.275012377480149,71
84,160353,164305,3952,-11.238323256955482,0.12552083841427475,-0.6399099837795903,109
85,164364,166123,1759,-6.744962313179613,-1.0214245331825538,8.61116852384359,59
86,166284,166936,652,-5.647451779869883,0.4299401416622999,-4.353526303064336,161
87,170256,173158,2902,-9.511865005853508,-0.9819703437068625,5.894127671192537,3320
88,173215,176329,3114,-7.423079433385908,0.38402910991082706,-2.9615267665317457,57
89,176386,179514,3128,-7.548723977898945,-0.12800821076740476,0.9715055607534895,57
90,179558,181397,1839,-7.196242977440448,1.5305381096579822,-12.007080078766004,44
91,181453,184561,3108,-8.26938410237014,-0.44126816760304166,3.054501630896834,56
92,184632,185940,1308,-5.691135307764682,-1.17911885426372,11.705226238405096,71
93,186027,186714,687,-2.780286533554616,-0.47116399036063683,9.618305186955382,87
94,188235,190835,2600,-8.69368975769396,-4.802989716155722,28.919267473767942,1521
95,190891,191276,385,-4.994489369251582,-1.0713711453466743,12.107078395434508,56
96,191373,194896,3523,-11.569202022814324,-2.9809330123355693,14.448619736618197,97
97,195041,200567,5526,-13.64653418230833,-2.04911695389616,8.53953958186751,145
98,200668,202254,1586,-4.828606736611434,0.01503566829420322,-0.17841120597737525,101
99,202302,205932,3630,-9.924092942176571,-3.0683314673068196,17.18056505502211,48
100,205989,208981,2992,-5.954303826599954,-2.2327894745728827,20.555417051426232,57
101,209078,211278,2200,-6.411430767818857,-1.6245539662412796,14.218581293023316,97
102,211535,214469,2934,-11.285966249122154,-2.2905395070469723,11.472618322420242,257
103,214533,216260,1727,-7.490101635638595,-1.036620390238724,7.879607092362287,64
104,216321,218566,2245,-7.571592148191982,-1.2678365665387332,9.505789982104579,61
105,218623,220830,2207,-8.167074174111477,-2.419120480289351,16.49950270904753,57
106,220907,224979,4072,-9.435846661148588,-4.27824797945182,24.389716374950233,77
107,225085,229799,4714,-9.107441970939064,-2.998650501399851,18.224272744289937,106
108,229874,233168,3294,-6.2371032076438695,-3.3903995268111657,28.527866402287977,75
109,233607,233890,283,-6.652892474494166,-0.6709619033916425,5.758959166540604,439
110,236862,236917,55,-1.3832392566620513,-0.985224308317072,35.46070406783247,2972
111,236988,237043,55,-2.292810200222945,-2.952782912267992,52.17097234000091,71
112,237066,237497,431,-7.1268153435506605,-5.160098592396821,35.9060378727403,23
113,237528,244085,6557,-27.262162592696768,1.5896479633842375,-3.3371198733801335,31
114,244142,247533,3391,-10.005301695971653,-0.6801814216444626,3.8891035358399244,57
115,247595,250300,2705,-5.594477998298601,-1.8682367556745731,18.46638116814293,62
116,250383,254392,4009,-7.731003104240386,-1.1452908093802847,8.426657302242248,83
117,254480,257639,3159,-8.534819913428464,-1.1239704741493455,7.502244348724549,88
118,257689,259603,1914,-4.686729696836338,-0.5265567692182884,6.410332083753664,50
119,263058,265711,2653,-7.539527665794623,-1.185541791258828,8.936218000460826,3455
120,265777,266500,723,-3.845102468982219,-2.8484201474941813,36.53074208640541,66
0,1552,1681,129,-10.302429747731935,-2.0384383889977755,11.19198508526627,1552
1,1701,1796,95,-6.831943202356285,-1.2166600633975975,10.097607161290332,20
2,1880,1953,73,-6.375831468319859,-1.3317827683135022,11.798296621485376,84
3,1973,2082,109,-9.508663184807588,1.0854498067234317,-6.51233959394877,20
4,2098,2152,54,-5.004531982439417,-2.9510284629511574,30.526629174422663,16
5,2169,2227,58,-7.57537301513436,0.26198525070221024,-1.9807168539616764,17
6,2241,2281,40,-4.139864643564152,-1.0450276798165987,14.167228617349092,14
7,2299,2352,53,-7.12575002595284,-1.4109333011209628,11.199975251614594,18
8,2369,2421,52,-7.065352521479625,-2.3857034128463823,18.657888212315388,17
9,3130,3187,57,-8.671850911957563,-4.413615348404875,26.974221778428177,709
10,3204,3284,80,-12.378944360209275,-3.4680438123484834,15.650569975896524,17
11,3404,3446,42,-6.561463721434393,-1.6012792405987426,13.714561700990998,120
12,3468,3503,35,-5.927893261134059,-1.9202138947971434,17.9486195987429,22
13,3534,3760,226,-27.48238269122176,-0.8530514018267468,1.777886495254695,31
14,3834,3910,76,-9.10582461363353,-0.4386587269406874,2.758001575254834,74
15,4044,4171,127,-16.65247878578458,0.24769578250402446,-0.8521780220867836,134
16,4205,4267,62,-8.23348875180136,1.8032503001714417,-12.35352842012025,34
17,4298,4400,102,-12.765181861358684,0.3994793279430837,-1.7924548387011412,31
18,4418,4520,102,-16.354049947406878,0.33929384085169545,-1.188532301452104,18
19,4544,4699,155,-20.557103376272494,1.7081323783363302,-4.749913672020246,24
20,4719,4826,107,-15.5790571626938,9.828207479931677,-32.24619727937024,20
21,4963,5095,132,-16.19417128169971,0.5825994594216013,-2.0603771390431125,137
22,5121,5234,113,-15.333915813540841,0.7917378093374055,-2.9557346864401683,26
23,5259,5392,133,-16.13883130125666,0.8165900745829759,-2.8965727414403255,25
24,5561,5757,196,-16.55958000878026,-5.176927006470677,17.36051233240046,169
25,5782,5866,84,-10.272333553169986,-1.293599408224182,7.177500033795601,25
26,5888,6005,117,-12.434985371278444,-0.9328820605038857,4.290336167810428,22
27,6023,6100,77,-8.959308879185684,-1.1388234134005302,7.244055091090726,18
28,6133,6263,130,-12.064626137131313,-0.5509134137530793,2.614511314967484,33
29,6289,6384,95,-9.34945249802415,-2.9429646897119994,17.47264730238295,26
30,6406,6490,84,-12.196427430222286,1.1353275008024326,-5.318160350221909,22
31,6592,6669,77,-8.543203986492998,-2.8686848056796634,18.561309306926766,102
32,6688,6746,58,-7.559327934179109,-5.010094516023258,33.535216407060226,19
33,6763,6803,40,-7.022011739677325,1.0632279334475356,-8.609959058517958,17
34,6838,6880,42,-6.592784359335198,-2.2048064825515183,18.491337389199707,35
35,6899,6952,53,-7.309548548593696,-2.1736515195131147,16.560978285866582,19
36,7352,7422,70,-10.412561284312659,-0.2373319624718988,1.3057081106967303,400
37,7453,7518,65,-10.287693176666636,-2.9601531498466045,16.052501256607385,31
38,7537,7658,121,-16.324731643546656,-0.7024504581812039,2.463907813923446,19
39,7691,7824,133,-14.926150814078056,-0.8025489054816575,3.07771444405193,33
40,7858,8059,201,-16.53301451781499,1.4937732487844642,-5.162709222758173,34
41,8083,8923,840,-22.45391250227418,3.4190428883221813,-8.657886656111009,24
42,9118,9235,117,-3.9844744533291987,-4.215423926174594,46.61330448208973,195
43,9661,9760,99,-6.677929272798835,0.3478076433037529,-2.981451183122988,426
44,9831,9982,151,-14.633697653942264,-1.0994780446479382,4.296748249518547,71
45,10018,10100,82,-6.354421035408521,0.14777391779021798,-1.332189974403438,36
46,10131,10602,471,-22.031819988656935,2.4745747920513566,-6.4085014341534325,31
47,10648,12378,1730,-16.998432888219995,1.2496213570169061,-4.204473898095055,46
48,12434,13130,696,-11.62264923388139,2.275358091447842,-11.076666734552198,56
49,14132,14163,31,-3.0065908796037633,-0.4237460564184232,8.022372789151902,1002
50,14186,14279,93,-8.217197707063264,0.5243984229158087,-3.651503631619654,23
51,14493,14545,52,-4.833012771548226,-0.8612590538089506,10.10423257047067,214
52,14564,14630,66,-7.683781589398123,0.709575669747224,-5.276140112527377,19
53,14653,14824,171,-17.958942868476,2.1452674599356527,-6.811931696239921,23
54,14860,15296,436,-20.932805417489917,3.1720341391831255,-8.616710314051799,36
55,15332,19734,4402,-26.61683119158934,1.907245997524143,-4.098560437351398,36
56,24576,30109,5533,-9.617001661837108,-2.7369921847912053,15.886317321149853,4842
57,30230,35812,5582,-8.594516472043225,-2.322258122768318,15.120377971524263,121
58,35930,39118,3188,-4.686384675687066,-0.16131983549851725,1.971519231149121,118
59,39199,40763,1564,-6.84706475099388,1.6264620385623942,-13.362469294148696,81
60,40840,42415,1575,-7.806604848369432,-1.3042433706600036,9.484761894158394,77
61,42612,44975,2363,-7.4284617194600315,-0.7057450575408097,5.427127387637793,197
62,45050,53972,8922,-7.571420886421308,-2.922736543225099,21.10769527447795,75
63,54058,58262,4204,-7.058888093269587,-1.6990431522806801,13.533410483489277,86
64,58351,61867,3516,-5.616453887920272,-1.6143513421623226,16.036370664893933,89
65,61975,69877,7902,-8.995655327152306,-2.5234211689560055,15.669633952400206,108
66,69988,74976,4988,-6.015475236262347,-1.0025005056769203,9.46159286615986,111
67,75111,83725,8614,-6.4495915500165495,-2.254323142511595,19.26603197012265,135
68,83923,86792,2869,-0.7064428646505547,-0.6214585680336313,41.3381243730876,198
69,93863,94164,301,-4.68713261815229,-1.4397213611442368,17.07510602914428,7071
70,94400,94681,281,-4.89057730565321,1.588658930627517,-17.99590993984226,236
71,96027,96265,238,-5.258539311945512,0.9944241783735634,-10.708551179166502,1346
72,96333,96515,182,-4.098771029725526,-0.07357248752640544,1.0283424834713242,68
73,96670,97043,373,-16.921320223155618,0.9261857468545003,-3.1329491221352828,155
74,97115,97317,202,-7.8564740346377135,-3.596411770884572,24.596606283512354,72
75,97364,97735,371,-10.768171886576269,-0.17505194559409176,0.9313423299715792,47
76,102103,103325,1222,-18.192242830072118,1.7250525856180445,-5.416791475089154,4368
77,104774,109369,4595,-7.675244426710464,-0.3531066953006956,2.6340878142129953,1449
78,109517,111425,1908,-2.3632769666641167,0.11960960955299527,-2.897368081624058,148
79,111524,114048,2524,-5.236396505370635,-0.06036756436887458,0.6605025870864627,99
80,114183,119042,4859,-5.711394690960759,-1.2388225025719777,12.23809276066377,135
81,119984,121333,1349,-4.955052153414016,0.9140440109711534,-10.45169181162192,942
82,121397,122701,1304,-5.1305735302850195,-0.11402637441463526,1.2731821503626488,64
83,122986,124013,1027,-4.7552105105764895,1.3261788270843624,-15.583234294275128,285
84,126662,128593,1931,-4.777885291300024,-0.676161847844341,8.05495529794931,2649
85,128657,131018,2361,-4.088466980703984,-0.9884526586508571,13.591373057583816,64
86,131074,134613,3539,-6.9460027902387225,-1.227234600046259,10.019734028798766,56
87,134757,138821,4064,-3.86746458176664,-1.1102782371405198,16.017802835820905,144
88,138960,139476,516,-2.2969767015182327,-0.5426822537585423,13.292911925579348,139
89,141516,144510,2994,-6.688090289017708,-1.2490191204834389,10.578288379822059,2040
90,144612,145326,714,-3.4594343826456253,-0.6594394406768913,10.792281757581346,102
91,145404,148738,3334,-5.1577260939522915,-2.156944841346885,22.694528343008464,78
92,148838,149984,1146,-4.711911518468753,-0.9411978221468758,11.296082739373846,100
93,150209,150405,196,-4.52479110660353,0.1062241457414217,-1.344830595835582,225
94,150480,150563,83,-1.9758686970431683,-0.31015395576544336,8.92097678723163,75
95,150584,150694,110,-2.2800742153598463,-1.0852397728736776,25.452900311573405,21
96,150721,150933,212,-5.424290310132207,0.7601940653091361,-7.977829893068986,27
97,150961,153222,2261,-10.00964825110107,-1.9523837066563203,11.036978833097525,28
98,153289,153691,402,-2.4661748909761485,-2.8249693599796615,48.8793094867337,67
99,156230,158805,2575,-4.489521041026109,-1.8187738897852626,22.05362502837175,2539
100,158870,160148,1278,-2.478092408878993,-0.9603793132217362,21.183731694486138,65
101,160238,162120,1882,-3.658668503215381,-2.2934467398603857,32.08165933461801,90
102,162227,163485,1258,-4.176502380099066,-1.8858252853021185,24.300708251522767,107
103,163575,165075,1500,-4.600346826709128,-0.6842628628215408,8.460237159041846,90
104,165148,167107,1959,-6.498238738110587,-1.0462334390114876,9.146279931344225,73
105,167237,168091,854,-5.469877445046137,-0.26802842866169385,2.8052958295572483,130
106,170143,173187,3044,-9.059602590915262,-2.399532138899204,14.834765986954185,2052
107,173329,175024,1695,-6.512236966818392,-1.7309478738249453,14.885008806589287,142
108,175155,177787,2632,-8.07909054982666,-2.0824847561563757,14.454057011507514,131
109,177925,179441,1516,-5.084269589894959,-0.15076019620894954,1.6984529418808434,138
110,179606,180633,1027,-5.818169951170759,-0.801912829731279,7.847578963859123,165
111,180711,184260,3549,-8.136253165555644,-3.0513604384135817,20.557684364438003,78
112,184369,185372,1003,-4.05976365586838,-1.15459801278692,15.87576802736778,109
113,185436,185658,222,-3.3543175111412467,-1.7404575007744967,27.42348172802285,64
114,186178,186397,219,-6.581380338147085,-1.5684512827558592,13.40449239721187,520
115,186426,188556,2130,-12.458184616988447,-2.8590344197624518,12.925033301122896,29
116,188621,191412,2791,-9.28211935544347,-2.157241051170871,13.083745017533346,65
117,191595,194987,3392,-7.856947115010783,-3.089033562947378,21.462743385449144,183
118,195067,196340,1273,-3.6571174275383243,-1.2417765317284193,18.75495107129841,80
119,196444,196827,383,-2.627174199635178,-0.5762592245718281,12.371652779857087,104
120,196895,199681,2786,-9.909695977381773,-3.299238146054037,18.41416388826871,68
121,199938,200135,197,-1.2398888206411698,-2.1373892203095153,59.88219364155017,257
122,201560,203494,1934,-8.367371710923408,-1.1274825757907507,7.674240105683821,1425
123,203599,208091,4492,-8.517847448000623,-4.409565285709903,27.36994305994114,105
124,208317,210318,2001,-5.894190167542789,-1.3204703612922515,12.62742676219947,226
125,210532,212508,1976,-5.3482537546668425,-1.73013279291024,17.926129528568918,214
126,212647,214985,2338,-3.288095999509679,-2.767890111495845,40.090375844851586,139
127,215205,216690,1485,-5.8210297332753385,-1.550357188700474,14.91379586920082,220
128,216864,217082,218,-2.683385441944324,-1.077188257352418,21.871948385387757,174
129,217133,217362,229,-3.5377015575440964,-0.1408876124443026,2.280577365180458,51
130,217414,219483,2069,-7.705800381828524,-2.8634457792571055,20.3848724262069,52
131,219702,220712,1010,-2.8217316799911316,0.41218866977722257,-8.31078642677732,219
132,221316,221408,92,-1.9578013649084482,-2.1756282577985075,48.01662988044193,604
133,221441,221991,550,-7.661258847078528,-3.0827307185363964,21.91882547227236,33
134,228552,231507,2955,-6.389266576878086,-4.720328689441487,36.45663228656017,6561
135,231681,235402,3721,-9.134729938204202,-3.6072446858188414,21.548737003136587,174
136,235492,238296,2804,-3.8956998968193943,-3.5859504011255297,42.62923840214167,90
137,238511,240310,1799,-4.826799444162518,-1.6710411164157506,19.095886808346183,215
138,240475,242917,2442,-6.579194797866009,-1.8420822538080301,15.641501168867833,165
139,243002,245368,2366,-3.753601811827238,-1.7270943315207603,24.707941756814726,85
140,245458,247221,1763,-4.990475501938917,-2.4696177382073756,26.329253062890754,90
141,254765,254845,80,-2.7216479369681537,0.6908292422661049,-14.242459460986682,7544
142,254868,254944,76,-2.736631409165625,-0.916611829397084,18.517843357583214,23
143,254958,255028,70,-4.6046323498242145,-1.4891885805645302,17.921775966884802,14
144,255054,259043,3989,-27.156977940933324,-1.58252975385102,3.3350489134620456,26
145,259109,259371,262,-3.5422869323165855,1.3330764496234906,-20.622932235387427,66
146,261119,261607,488,-1.9121831737948298,-1.1486526157256236,30.99333000759225,1748
147,261646,264267,2621,-8.993897755993089,-1.7135866192289626,10.787145581303363,39
148,264326,266346,2020,-9.61047792255944,-3.1172116811860207,17.970757623722285,59
149,266551,268123,1572,-8.34180715470167,-1.3844072042928843,9.422928921300645,205
150,268199,270316,2117,-8.982551157759403,0.14752101418686436,-0.9408876792698275,76