,start,end,length,delta_x,delta_y,angle,interval
0,1317,1350,33,-3.3371497800093266,-5.102201681736517,56.81287661692961,1317
1,1370,1517,147,-5.1847204499579504,-0.2019993696291067,2.231144530905431,20
2,1543,1620,77,-5.933596897616411,-3.550804632194115,30.89729932677366,26
3,1642,1807,165,-10.293577013329156,-3.9515267389826647,21.000934997000165,22
4,2118,2267,149,-11.521268159967121,1.667577278805311,-8.235742600899222,311
5,2459,2500,41,-3.249451017934007,-1.0943558802116229,18.612587496295884,192
6,2524,2676,152,-12.3782027595133,-2.8742818678230435,13.072701999566648,24
7,2841,2902,61,-3.843157723258912,1.289508463525351,-18.548332117917383,165
8,2918,3124,206,-14.646812243192898,-1.1649884152641334,4.547657875379158,16
9,3529,3649,120,-11.120458419105717,-2.4829769337229095,12.586553700509134,405
10,3677,3812,135,-7.309038210141864,-1.3068197856462973,10.137087294648353,28
11,3974,4118,144,-7.709176143355251,-9.412507003459012,50.68131090701616,162
12,4148,4258,110,-7.124803099359269,-0.2919931010248149,2.346817886012556,30
13,4452,4505,53,-3.503495926008867,-1.0749643796349346,17.05738602421797,194
14,4525,5044,519,-32.98308723483052,-4.774507549047371,8.236707690912363,20
15,5075,5254,179,-6.918470005444689,-6.591620484934879,43.61411396951358,31
16,5380,5594,214,-10.94934801098978,2.1460840119291618,-11.089455007457943,126
17,5928,6094,166,-5.963214813903022,-10.834198478835503,61.17132147802515,334
18,6118,6215,97,-3.6906804806446587,1.5596182853421396,-22.90808575014174,24
19,6235,6477,242,-12.333719370985477,2.6276489941900536,-12.026825276385093,20
20,6502,6716,214,-8.787733821854573,-4.19739637118667,25.5311301630711,25
21,6743,6870,127,-3.7546398679269544,1.1896178341555697,-17.580253111042296,27
22,7066,7251,185,-11.411793068406894,-3.079398064667629,15.101216714263472,196
23,7435,7975,540,-27.288665540285876,-13.153302894534619,25.73434972035686,184
24,8020,8090,70,-2.9768919138418823,0.23415309043232924,-4.49744856896444,45
25,8118,8189,71,-4.113684994270983,-0.5529537093813417,7.6557014282322635,28
26,8212,8311,99,-5.241216743179905,-0.6909852637392646,7.5103798125178995,23
27,8332,8473,141,-6.267296294023282,2.4960198640998215,-21.71546511543762,21
28,8645,8712,67,-3.1774087040812447,1.5324100270774181,-25.74722052561068,172
29,9071,9238,167,-4.314976584359158,4.81401142502105,-48.12895148444165,359
30,9253,9669,416,-15.85467566464564,-16.95388804253838,46.918909990312876,15
31,9721,10109,388,-27.086968195251416,-13.458693900456296,26.421389449295475,52
32,10153,10494,341,-18.21242759122579,-8.875930878834481,25.982554236304452,44
33,10528,10860,332,-19.023719856476703,-7.714438433885988,22.073382002350026,34
34,10895,11320,425,-20.351649124873006,-8.53751620711148,22.75804777838072,35
35,11362,11801,439,-15.274918516700808,-5.838092590253268,20.916917463396203,42
36,11853,12281,428,-11.213479762800205,-3.475953074795001,17.22238429446069,52
37,12328,13197,869,-16.17141234916133,-5.248934467775655,17.98244957390929,47
38,13244,13395,151,-0.4908975714752728,0.30505674679409367,-31.857912184573586,47
39,14246,14356,110,-5.922618206981241,-0.19590336590707125,1.8944907145191119,851
40,14517,14604,87,-4.381556833968148,1.4783569646277783,-18.644626066377757,161
41,14621,14684,63,-3.4275154344776126,-0.003179150858215962,0.053143998285811046,17
42,15100,15325,225,-6.430030964286715,-6.113288925410103,43.55348294812745,416
43,15452,15622,170,-7.306124706318059,2.964089194999872,-22.082356856219697,127
44,15736,15845,109,-4.841300033322312,-2.206481507692473,24.501704821491174,114
45,16176,16525,349,-23.009389469041324,-5.96486397444238,14.533210750237881,331
46,16540,16724,184,-8.315586041255585,-2.6752677113747154,17.833880365275256,15
47,16828,17111,283,-15.712863507141947,-7.716675732105074,26.15591461275646,104
48,17143,17578,435,-17.589033974901355,-8.831026666283378,26.66011555443855,32
49,17609,17933,324,-10.966731414352324,-4.779419216985644,23.54808884445764,31
50,17993,18413,420,-13.135746403367705,-2.1672965559768045,9.368953677735247,60
51,18465,18519,54,-3.764311781523105,-0.08347066760666166,1.2702808979907045,52
52,18537,18608,71,-3.0558345308213575,1.7876890119392215,-30.327994679166057,18
53,19482,19700,218,-8.875872900760072,8.49442997121642,-43.74201629136244,874
54,19717,19913,196,-7.117562396366793,-5.402361916902464,37.1991726506204,17
55,19938,20142,204,-2.33170449454191,-7.60338147614172,72.95096322933296,25
56,20509,21204,695,-18.35265696140553,-7.559545327780199,22.386992081437988,367
57,21291,23033,1742,-10.089210792757285,-4.490057024230765,23.990762039791772,87
58,23097,24300,1203,-9.667591139052774,-2.2699396064841437,13.213630642285745,64
59,24369,25642,1273,-10.106992471606077,-2.9353942849759562,16.1949893062952,69
60,26283,26517,234,-5.608890865753835,-3.7302766640136156,33.626485942275764,641
61,26545,27685,1140,-15.904108585127204,-5.647574159567313,19.55003111066474,28
62,27740,29142,1402,-8.800726518221836,-2.292782688355601,14.602226112511335,55
63,31327,32833,1506,-7.3621415087517335,-0.904234415182799,7.002124509666371,2185
64,32979,34545,1566,-6.440237618728702,-1.632726752717673,14.225884109707879,146
65,34700,35761,1061,-9.33531358111702,-1.9095610471663065,11.560514227188483,155
66,35893,36393,500,-6.462646241669603,-0.6144415697665409,5.431119350882517,132
67,37535,38002,467,-8.830527169371578,-2.5239179467536985,15.950855661764225,1142
68,38689,41299,2610,-3.514780061898307,-2.680497380080652,37.330443159953234,687
69,43615,44743,1128,-5.9521750335660215,-2.2232137182770657,20.481305124549003,2316
70,45838,46690,852,-8.711875345480792,-1.423611039211579,9.280699042984676,1095
71,46767,48063,1296,-6.78657864571926,-1.4880627591078337,12.367273020522346,77
72,48139,49284,1145,-2.4816506169963475,-1.1706547041023896,25.254386995776162,76
73,49363,50262,899,-7.2740657852565676,-2.553534125278219,19.34343680914463,79
74,50323,51511,1188,-9.221417197064397,-2.669660705087523,16.146076394499648,61
75,51564,52419,855,-5.726183985092462,-1.2260560200752764,12.085348859115632,53
76,52502,52658,156,-1.9163572548847299,-1.0640248151982803,29.040480465061833,83
77,52706,53163,457,-5.832187918048618,-1.1534398894616231,11.187101017466418,48
78,53388,56405,3017,-3.123379683542879,-6.15639109963854,63.09952469255865,225
79,56509,58225,1716,-6.33237117066588,-2.9247067147379084,24.790607916028115,104
80,58302,59434,1132,-5.7402668476600525,-0.9603166431190004,9.497333872838821,77
81,59509,60276,767,-5.4195076347007785,-1.7213512429436264,17.62095836748592,75
82,60387,62166,1779,-3.2730834500689525,-1.056418833717089,17.88797877846914,111
83,62233,63681,1448,-2.3844776540806265,-0.37802821214512505,9.008533439572455,67
84,64430,67015,2585,-2.614956162544928,-4.5282037599654075,59.994339619371054,749
85,67111,68164,1053,-3.2283808663907507,-0.6997176847652327,12.22910904929632,96
86,69767,73556,3789,-2.8924765050898316,-2.5502037195082607,41.40158993452856,1603
87,73693,76418,2725,-6.540602791977278,-2.68857322590452,22.345551098666764,137
88,76556,78181,1625,-4.431241496151472,-2.1498640959032116,25.88083744512781,138
89,78255,80064,1809,-3.163355753841415,-2.107462653357885,33.67199228653123,74
90,80141,82181,2040,-2.033629757666887,-1.1249820645009834,28.950895759121607,77
91,82286,85154,2868,-1.2989188611192048,-0.9512866789023917,36.2178560218631,105
92,85248,87176,1928,-2.4696940112292225,-0.8931514425993328,19.882249066069384,94
93,87227,88554,1327,-3.5571269907271983,-0.38260840949547514,6.139192783090293,51
94,89945,92596,2651,-2.854495601293621,-2.0277157576090303,35.38841315430788,1391
95,92690,94491,1801,-3.8212877198329522,-0.81074746791748,11.978590058334177,94
96,94737,95074,337,-2.469331336447567,-1.1804060198108743,25.549039381313627,246
97,98351,102162,3811,-0.38569336918078534,-3.268273031845041,83.26957568585827,3277
98,104694,110704,6010,-4.047577238795299,-1.1191070841702526,15.455490206034929,2532
99,115914,118717,2803,-2.855912862113314,-0.4938693715603222,9.811056299496903,5210
100,120278,123632,3354,-1.4591539803046487,-1.4836527204948595,45.47697390048595,1561
101,128990,132383,3393,-4.2244832689679015,-2.011263321271514,25.458973678457767,5358
102,135852,135939,87,0.4080400325348137,0.6674922291120993,58.56242824035326,3469
103,135964,136013,49,-0.5331704182020474,-0.9183878596729471,59.86267604602197,25
104,136049,136533,484,-11.237149384541311,-0.05221074444514784,0.2662093092817636,36
105,137611,137747,136,-6.73508170424779,-2.297712694186515,18.83737656431949,1078
106,137788,138010,222,-11.103526638483658,-2.9365869429916813,14.814028813854943,41
107,138234,138514,280,-16.242934397462534,-1.2626324773534066,4.444906420528448,224
108,138981,139270,289,-13.747038683316532,-7.3464560829085315,28.12017230568842,467
109,139305,139557,252,-11.025347270619648,-2.913629451248852,14.802948780689352,35
110,139585,139841,256,-14.526969266708704,-3.877413794274702,14.94450796350793,28
111,139891,139994,103,-7.04030424843404,-1.5034054601792377,12.054047383209676,50
112,140030,140119,89,-6.683905298623586,-2.2854691321364555,18.877414857505812,36
113,140405,140935,530,-20.589347202942378,-9.78709266522526,25.423956262181417,286
114,140973,141879,906,-14.719486221900524,-4.579724512495005,17.282665273337358,38
115,142049,142156,107,-0.36521216296318926,-0.9362749973374207,68.69076846187065,170
116,142186,142742,556,-8.469535240528245,-1.3233162425460705,8.880337954147132,30
117,143416,143472,56,-2.3328385127285856,-0.8799527655544921,20.666606122668366,674
118,143497,143603,106,-5.6099447066041535,-0.841345152343365,8.529301751678757,25
119,143634,143714,80,-2.2184596922042203,3.1522881153065043,-54.863583995973634,31
120,144619,146327,1708,-5.870713522883506,-2.8117683504825663,25.59201214636861,905
121,146387,146946,559,-5.724280144289622,-2.007359304893555,19.32446951373394,60
122,147999,150288,2289,-8.444549072672089,-4.172623201772694,26.294912683526448,1053
123,150367,151864,1497,-5.577291012029917,-1.944695259948361,19.222691468424706,79
124,153744,154831,1087,4.4279738521082095,-5.855407912269754,-52.902716374893224,1880
125,154902,155832,930,-10.758326291602287,-3.8383788695185217,19.635493263592565,71
126,155905,159130,3225,-9.61616028628859,-3.4698587748987393,19.841279140852144,73
127,159212,159364,152,-2.207543577560614,-0.15208016332107377,3.9409440945028957,82
128,161463,162317,854,-3.889844594361165,0.2500135295475445,-3.677535951254812,2099
129,162397,164823,2426,-8.130981494189257,-3.2390634328323813,21.720393656188573,80
130,164885,166899,2014,-4.960775684456166,-0.909353523522384,10.387494350748609,62
131,166980,167987,1007,-3.6459364869054696,-0.32491922157257136,5.092641981575622,81
132,168095,169882,1787,-2.3114210806593576,-0.7075450405064316,17.0197812850921,108
133,169988,170259,271,-1.2308343984715577,-1.3422612950957955,47.47962196057023,106
134,172752,174658,1906,1.8906044483452717,-3.5183726553141526,-61.74855154128515,2493
135,174722,175717,995,-4.087989861624493,-1.0071221529900924,13.839853059212498,64
136,176759,180589,3830,-6.157373180111961,-2.7174778569773537,23.813651921214035,1042
137,180720,182404,1684,-3.448039624626176,-1.761483329901239,27.060906178949363,131
138,182487,184193,1706,-2.9318171976816814,-2.073049589951154,35.263631003452325,83
139,184264,186825,2561,-5.729196475958844,-2.7759795900578865,25.851677668865424,71
140,186895,188695,1800,-4.477603260364901,-1.7986079966625539,21.88482979886012,70
141,188793,190351,1558,-2.8024651066649255,-1.174739332903215,22.742491430529395,98
142,190432,191255,823,-2.7388148465308007,0.16335516403924544,-3.4133327189036646,81
143,191336,192024,688,-2.1362514536373,-0.15426555764034333,4.130342091279627,81
144,192119,192813,694,-3.169785741674218,-0.31125174308544956,5.608083911379215,95
145,194134,197422,3288,-2.981060381849261,-2.309673965890653,37.76790449498986,1321
146,201849,205506,3657,-8.252346336765157,-6.553639936206423,38.455012442118075,4427
147,205708,206072,364,-1.4877133595437613,-2.674448942168084,60.914163641421396,202
148,206195,209985,3790,2.7194105627313547,-9.069831578666026,-73.3096750636502,123
149,215971,220615,4644,-2.0227572977118484,-0.5557807780988924,15.363676531243483,5986
150,220700,221111,411,-3.012069138959532,-0.9194579595836956,16.975224928573084,85
151,221174,224025,2851,-2.631836530199422,-1.0794128093413065,22.300335144864285,63
152,226271,226331,60,-4.777831560796301,-2.273576784128011,25.44788722283197,2246
153,226363,228210,1847,-11.540282268533701,-0.7748429836962032,3.841214514453565,32
154,230844,231022,178,-4.668737072318976,-2.5160903987564325,28.321254522378936,2634
155,232657,234308,1651,-8.039756765895675,-2.552981794818521,17.616967555556243,1635
156,234554,234892,338,-7.767891650671913,-2.256833604809657,16.200356825593087,246
157,234991,235237,246,-6.656316779151098,-3.926218799327472,30.534167618568272,99
158,235286,236327,1041,-12.421831215238285,-4.123102650990319,18.362238948512424,49
159,236398,238401,2003,-6.035256499278631,-0.5214562503153957,4.938187229787671,71
160,240072,241069,997,-7.692023531733696,-0.631387704401277,4.692514291546172,1671
161,243842,244924,1082,-7.532994926085763,-4.3910901383517,30.238518713951724,2773
162,245026,245572,546,-1.1683647521723515,-2.9861718530247856,68.63166195674484,102
163,245657,246956,1299,-5.3149274800818205,-1.069410084163195,11.376511295454964,85
164,247015,248196,1181,-3.8097050131175934,-3.2858401027400532,40.77750701063917,59
165,248264,249348,1084,-2.901405516252339,-1.267227911478443,23.593947281861574,68
166,249417,251205,1788,-0.005602869110816755,-5.001278212907579,89.93581228532993,69
167,252396,254018,1622,-10.542549641465769,-5.1567456600460275,26.06494374145825,1191
168,254105,254829,724,-7.136998178941724,-1.0371552084373263,8.268395662681137,87
169,254952,255760,808,-6.833239677981908,-2.443436725398186,19.67608527257829,123
170,255818,257520,1702,-4.49388050075089,-0.41095477678206294,5.225031219302569,58
171,257590,258589,999,-5.183018691759571,-1.873168138355254,19.870101934579356,70
172,260449,262282,1833,0.19461480399979791,-0.813846556603238,-76.55143002705057,1860
173,264927,265962,1035,-6.295124108869658,-4.845800982602299,37.58801609232453,2645
174,267390,267482,92,-1.0735849131790474,1.0482169636457286,-44.315012767919995,1428
175,267510,267697,187,-4.891231162994444,-1.5706388565349982,17.802509648323213,28
176,267746,269822,2076,-8.736832212743764,-1.3588058442029762,8.840169332211069,49
0,580,755,175,-2.6391142381991557,-7.669612750337436,71.0116565136074,580
1,827,858,31,-3.7825295457557644,-0.5715733967299457,8.59288554165739,72
2,870,931,61,-4.680373763502672,-2.3449812111476405,26.611984569215963,12
3,951,1037,86,-6.314241218593395,-2.185265189388801,19.089977651512502,20
4,1482,1524,42,-1.4063460354423256,-1.5918136366632751,48.53983379599965,445
5,1550,1692,142,-5.288392510260081,-1.457878213895924,15.412206683832727,26
6,1794,1901,107,-4.7346391492297215,2.942105221962521,-31.856821880325988,102
7,1911,1966,55,-2.4676856571720833,-4.2060595555794436,59.599947579323384,10
8,1989,2040,51,-2.3104412501719622,-3.0530653925265483,52.88297958857118,23
9,2553,2627,74,-3.4575513052682396,1.6526959909455456,-25.547617053467192,513
10,2660,2815,155,-5.556136571225309,1.6413064282827037,-16.457365096052357,33
11,2842,3051,209,-7.488758618385077,-3.095259222543362,22.456322532526663,27
12,3104,3283,179,-5.257735593083979,3.0071194395369645,-29.767049456578196,53
13,3488,3651,163,-2.9881869633944973,0.012811208308093569,-0.24564181499149293,205
14,3914,4013,99,-2.19366261827318,-0.11071371569858002,2.8892550805223407,263
15,4050,4218,168,-4.929189383709556,-0.57153456381063,6.613854409855386,37
16,4813,5025,212,-2.984588181006302,-1.9387432410242411,33.00714254176026,595
17,5364,6208,844,-6.975808382412296,-2.3656224356521562,18.732724499296435,339
18,6405,6903,498,-3.1543236510984656,-4.652261296780864,55.861965825195725,197
19,7332,7740,408,-4.4507939111088035,1.6222694841852388,-20.026287931454338,429
20,9705,10338,633,-5.581302983040274,0.31629830892073585,-3.243542712353211,1965
21,10739,10927,188,-2.5355660722685087,-3.981100686888368,57.50690834180706,401
22,10981,11290,309,-8.497226264632431,-3.4975100760848505,22.372364076857494,54
23,11840,12720,880,-6.78000800063721,-3.1821467985825933,25.142666997983927,550
24,13916,14124,208,-0.36143320741119567,-3.297242602480864,83.74439524647728,1196
25,14337,15763,1426,-7.391677413033349,-2.448228397008137,18.325602917761344,213
26,16642,18519,1877,-7.1474097024622125,-3.9519755229719067,28.9392661129304,879
27,18884,19704,820,-7.720892584850361,-0.05423127150396567,0.40243687407650686,365
28,19808,19940,132,-2.443659931966039,1.7024012715733505,-34.86340178134632,104
29,20401,20568,167,-1.1386049255590223,0.8599818765171534,-37.063545195686125,461
30,20866,23953,3087,-1.628069384368544,-7.103264109877401,77.09076719629527,298
31,24029,24982,953,-2.864188665684921,-0.5385950693124073,10.649793091450332,76
32,27775,28121,346,-1.5767179058573504,-2.699864178029557,59.715115549936016,2793
33,29404,32359,2955,-1.241671199117107,-2.9601342425356876,67.24368093427067,1283
34,34516,36948,2432,-1.5787538703024637,-1.9064649732948027,50.371662086463935,2157
35,39290,40646,1356,-0.526814757240686,-0.8556842710555514,58.38085185209366,2342
36,44750,49729,4979,-1.9979532025659381,-2.313340784103943,49.18395174982603,4104
37,49803,52339,2536,-3.564056237415116,-1.9578670601174224,28.781609687806075,74
38,60323,61955,1632,2.139603228791586,-2.909155069366392,-53.666544847945104,7984
39,62386,63071,685,-3.0231747463369487,1.0229359303762067,-18.694009845881506,431
40,63243,64930,1687,0.9656370752267236,-1.6517512823008502,-59.688841992824734,172
41,68233,72055,3822,3.2505088534537663,-6.009308806926299,-61.590500666822756,3303
42,72108,73322,1214,-0.13899966861745838,0.10275916817599295,-36.474640765476586,53
43,74985,75820,835,2.1815952337409783,-1.6067892605205856,-36.37240142118537,1663
44,90085,95903,5818,7.0496018316762274,-4.689204487686467,-33.63077667563236,14265
45,95983,96585,602,-0.6042943195274404,1.1639839252051587,-62.56344941192197,80
46,98547,100071,1524,1.8866390864689606,1.337401867797908,35.332088338892696,1962
47,119556,121842,2286,-0.16398461595923663,-0.2109373558350569,52.13818105528585,19485
48,128345,132277,3932,3.9789916771050144,-0.58611996466459,-8.379615760964713,6503
49,149079,149168,89,-2.279537668000472,-3.4636015108163463,56.64945190496775,16802
50,149196,150316,1120,-1.533902973113726,-2.181774700746317,54.890754283504435,28
51,157227,157337,110,-1.2601965482527788,1.2882623287701591,-45.630963984553475,6911
52,157487,158596,1109,-0.6683196919851326,6.862941419802084,-84.43802035336373,150
53,160368,161295,927,-1.1618124522338462,0.8872297275297711,-37.367525774255554,1772
54,166421,168061,1640,-1.4671638148138584,1.071345269096497,-36.137485672729404,5126
55,181336,182890,1554,0.1255030484044397,-0.324190843686452,-68.83723104949999,13275
56,195010,195545,535,-2.356179567046837,-1.1283914045602046,25.590096842922673,12120
57,198137,200046,1909,0.3489384769140145,-1.6015520026675176,-77.70875441168283,2592
58,207130,207482,352,-0.9715460085675858,-2.5669163082722406,69.26896683062117,7084
59,207518,210867,3349,2.0135676771679414,0.0730200672841761,2.076865448356079,36
60,211840,213756,1916,4.454923184784477,-0.8824003925498403,-11.203735629641193,973
61,248905,250046,1141,0.7148275711192298,0.8805102581255966,50.92915707499759,35149
62,253120,256193,3073,-0.16836788163377037,1.5697871377149113,-83.87813105079348,3074
0,1840,2019,179,-14.744682293496325,-5.344650112109491,19.92455983993202,1840
1,2035,2204,169,-10.08986266461497,-2.087628932652507,11.68975656407081,16
2,2230,2353,123,-9.21922074099308,-1.14748677879183,7.094933502551082,26
3,2447,2741,294,-22.54577327242069,-6.115010702659475,15.17505220433,94
4,2771,2983,212,-16.564281799926647,-4.462349768827153,15.077310170438938,30
5,3392,3464,72,-6.5120359130766445,-0.5109486306629663,4.486361195900348,409
6,3484,3629,145,-10.298470064150564,-5.685534877252351,28.902021022523478,20
7,3656,4146,490,-32.305882397254116,-15.026136128177413,24.944115690064333,27
8,4199,4588,389,-30.68782268082203,-16.865796545946424,28.79286418873476,53
9,4626,4863,237,-15.737941196552214,-5.661349486482834,19.7849864546906,38
10,4978,5108,130,-9.726168799252576,2.0708092167668894,-12.019433591822143,115
11,7283,7331,48,-2.9821869725506787,-5.19886760233959,60.16045145590545,2175
12,7356,7436,80,-7.789941974658447,1.227925554666399,-8.95780514492817,25
13,7463,7517,54,-4.827247572436036,-2.120062692845565,23.710439986704348,27
14,7529,7654,125,-7.94946704120045,-2.7672239585502467,19.193100197706684,12
15,7679,7833,154,-8.54374481938396,-5.4736428637660595,32.64609669011119,25
16,7848,8075,227,-14.330347457767019,-8.430096672591489,30.46697223544156,15
17,8093,8180,87,-4.335948172162304,-4.101107429335485,43.40561556177462,18
18,8207,8368,161,-11.827619381357252,-4.803874198551185,22.10489029692721,27
19,8398,8499,101,-8.716464624676831,-2.2895409626198955,14.717337191927902,30
20,8524,8681,157,-11.5370816930145,-8.146497566121525,35.2264593114687,25
21,8961,9022,61,-3.2384385812179914,-2.2974414211458623,35.35298515328564,280
22,9052,9186,134,-9.911374532968367,-3.4503223580542937,19.19389848960653,30
23,9207,9300,93,-6.776480355862489,-2.397269176867354,19.481903943079747,21
24,9335,9476,141,-11.563231481806866,-8.733391593243468,37.06275039177584,35
25,9804,10061,257,-13.43549536699657,-8.20490378208514,31.411936396406226,328
26,10104,10345,241,-13.818741387279061,-7.583701541406938,28.757904475448427,43
27,10378,10681,303,-17.490622295421332,-8.944609251146034,27.084955779304796,33
28,11093,11398,305,-17.866834767469157,-6.2101778890476425,19.166496172119345,412
29,11423,11499,76,-2.4755130091686226,0.6901845393729644,-15.578717418491918,25
30,11546,11625,79,-2.9399355258923947,2.58897900127144,-41.36793346446726,47
31,11649,11834,185,-9.378599837950205,0.7256538207172554,-4.424352267178949,24
32,11871,11995,124,-7.1032169109981425,0.18894555325262274,-1.5237082974755625,37
33,12165,12318,153,-10.557341095211541,1.2099498016126518,-6.537996771070298,170
34,12545,12685,140,-5.528945682688388,-7.31493250263928,52.91641817157076,227
35,12720,12957,237,-16.100079996021293,-6.379165818678544,21.614437029506963,35
36,13001,13462,461,-26.1737165757433,-10.250228101116505,21.38645115753237,44
37,13511,13716,205,-12.394966712734615,-6.96999514323285,29.350120353563064,49
38,13750,13988,238,-14.608721866933422,-7.792933617004422,28.077418959008025,34
39,14020,14359,339,-17.115052780441204,-10.628800954385142,31.841134276694813,32
40,14396,14508,112,-7.001528303737999,-0.9136753546622316,7.434888285097994,37
41,14622,15126,504,-22.942682971473346,-7.516447342702435,18.139752997948783,114
42,15180,15650,470,-15.495545718815038,-7.7368410296687244,26.532705136381082,54
43,15728,16124,396,-9.448414180957215,-2.503815946314745,14.84214879896572,78
44,16409,16764,355,-12.584249275420873,-1.3074839227921018,5.931659589901088,285
45,17477,17830,353,-15.50001786722298,-4.691445084888684,16.83967442191578,713
46,17889,18302,413,-17.87559593881437,-7.201241547728031,21.94219998529345,59
47,18352,19248,896,-15.788997844044317,-2.600039772407257,9.35120903570714,50
48,19341,20076,735,-8.976807187860032,-2.3582259673981127,14.719135587547116,93
49,20442,21490,1048,-23.745187731283778,-3.301940473977794,7.916626231227738,366
50,21547,22652,1105,-7.237553010250338,-4.230553235869024,30.307486647281717,57
51,22716,23230,514,-5.377183427422949,-0.6518697213831928,6.912171288958395,64
52,23990,26618,2628,-16.01811948615959,-5.899201301855911,20.21789524749784,760
53,26718,27744,1026,-4.825152151356164,-2.0161737493675957,22.677448558798908,100
54,27817,29318,1501,-9.62107187663544,-1.6819385416640955,9.916138772643817,73
55,29371,30475,1104,-4.185270888777126,-2.8777201103521435,34.51174277048869,53
56,32142,32686,544,-5.222755478133564,-0.6355732557819636,6.938384051989265,1667
57,32741,33747,1006,-6.641196506565208,-2.7125813181578593,22.217445862038467,55
58,33844,34541,697,-5.2521133429003015,-1.5747712745867233,16.690609365807333,97
59,36782,39505,2723,-9.491958498006511,-7.868655140223751,39.65809312275627,2241
60,39651,40195,544,-5.156802279506053,-2.116663673301616,22.31621351742252,146
61,40243,40902,659,-8.076671174423666,-1.9402159914754264,13.507906393349632,48
62,40981,41303,322,-6.261301031934664,-1.9322687040920812,17.150486606545265,79
63,42210,42409,199,-6.4708376001448755,-4.117768285870923,32.47095620838176,907
64,42448,42982,534,-9.278906127958251,-8.464012287429227,42.37037676353388,39
65,43052,44781,1729,-6.794355038690966,-2.6620278868089287,21.39524286756202,70
66,44862,46880,2018,-7.6598200500942255,-2.7394957365447112,19.67933205081905,81
67,46945,48752,1807,-4.553391716906077,-0.8880285135084023,11.035628848699373,65
68,48806,50464,1658,-3.0175836126716717,-1.797677261203006,30.783696333648344,54
69,50555,51243,688,-2.9418851347956405,-0.36831244774816696,7.136077052277761,91
70,51314,53936,2622,-5.341138866391333,-2.1864271785747746,22.26203297853976,71
71,54034,54646,612,-3.7515213731244756,0.6605724314239438,-9.986342543772183,98
72,55041,56186,1145,-6.019164969953209,-0.07591531842075483,0.7225913825107456,395
73,56259,58824,2565,-3.3681606452382624,-1.361190684698954,22.005344100011268,73
74,58889,59956,1067,-4.703362729401476,-0.6952056582524335,8.408028958734585,65
75,60014,60527,513,-2.1609256828615884,-0.14510605967166157,3.841641734855594,58
76,60575,61223,648,-2.371465603400111,-0.3011976668444163,7.238329090816431,48
77,63547,66243,2696,-3.527020167580929,-2.8824345199135735,39.25719035626045,2324
78,66344,67157,813,-2.662732315005016,-1.2382116196147734,24.939154678097367,101
79,71318,73541,2223,0.9149387862261307,-4.612299797668925,-78.77993307193744,4161
80,73725,75771,2046,-7.051275825576354,-0.8060740864743536,6.521518139920317,184
81,75846,77591,1745,-4.628566345868123,-0.6033199870778105,7.4264655183787225,75
82,77717,79255,1538,-3.8614867151267447,-0.2704491530015787,4.006315142904799,126
83,79338,80517,1179,-2.238081514734688,-1.2235590261644802,28.66542480049322,83
84,80589,81485,896,-3.0852058661603934,0.5031028241163256,-9.261671069875355,72
85,81533,84245,2712,2.310339536165145,-4.786870307146174,-64.23614130740172,48
86,84376,85216,840,-3.202155141388303,-0.4065635787443398,7.235877877813849,131
87,86706,90341,3635,-0.9560566380122282,-6.168333580189653,81.18958509827729,1490
88,90461,92141,1680,-4.940413629961824,0.5590492841659085,-6.4560358693069055,120
89,92274,93843,1569,-3.159595988889663,-1.052124823896662,18.417421440720354,133
90,100857,104440,3583,1.7397490047495836,-1.611787781902251,-42.813516860635836,7014
91,105283,105672,389,-0.49997294355010524,-1.1200592045722857,65.94493199938687,843
92,106524,113238,6714,-3.405035652979919,-0.34331328762934277,5.757399772625275,852
93,116784,118618,1834,-1.9372736394140446,-1.7711258080604466,42.434686391352834,3546
94,120790,121915,1125,-1.018479964307403,-2.237436452735679,65.52499541045286,2172
95,124035,125619,1584,-0.43597740945153873,-0.9446470134303553,65.22553545082364,2120
96,129488,132738,3250,-2.635447937251314,-1.3128273094554004,26.4798235059249,3869
97,132821,136115,3294,-4.331632508301595,-1.6365471588227365,20.697217750656517,83
98,136279,137331,1052,-1.8469604678162028,-0.5867184997987778,17.623338119116926,164
99,137375,139421,2046,-0.0739107896962139,-4.190031750058168,88.98942599570181,44
100,141782,143488,1706,-3.365097879980709,-1.2709316300655047,20.690569794553806,2361
101,143690,144794,1104,-3.132963481387989,-0.17650107332684684,3.2244512984208873,202
102,147579,148076,497,-6.453663878473137,-3.4681414457955384,28.253187875871447,2785
103,150673,152323,1650,-2.8359072420535085,-3.1945774524477315,48.40372457445583,2597
104,152455,154057,1602,-1.6731865531043582,-1.3262894148348607,38.40290421330968,132
105,154127,155541,1414,-2.5519228916235335,-1.9772990290048682,37.76949489721467,70
106,155632,157082,1450,-4.416806007921025,-1.8977782707161452,23.25184687568229,91
107,159430,162898,3468,0.7166973153962886,-1.3728792419347542,-62.433658525638776,2348
108,162967,164453,1486,-4.702080751577512,-0.6560799390443179,7.9431807450497365,69
109,164551,165679,1128,-4.969226331877493,-0.163010495465727,1.8788569378862818,98
110,171197,172703,1506,1.9749925978051266,-3.7558660739654925,-62.262715540326944,5518
111,172778,174771,1993,-1.6888829122462,-0.9357198073787316,28.988495020596943,75
112,179773,180144,371,-3.873485481995658,-3.275500226752655,40.21855831398864,5002
113,180254,184452,4198,-3.636037344271003,-1.4061094424702105,21.14222374545182,110
114,184565,186423,1858,-3.958050976618864,-0.31285218777301793,4.5193757086080755,113
115,186676,187021,345,-4.6655723397478965,-2.05409683857107,23.762302710184212,253
116,187083,188876,1793,-4.195487382495031,0.384981076826989,-5.24282178886711,62
117,188956,189954,998,-4.671586452585117,0.23805374011516278,-2.917143296828941,80
118,190284,190503,219,-2.9648188336659302,-1.0364232317102449,19.2682930291051,330
119,190560,191236,676,-3.6078876170211487,-2.490357185643802,34.61551555516915,57
120,196184,197599,1415,-4.474415471937107,-1.018769703128143,12.826876517713385,4948
121,197667,198972,1305,-2.695585107918106,-0.9213099409502234,18.869646892741926,68
122,199037,199887,850,-2.020451900193507,0.505762489099709,-14.053577550723324,65
123,200911,202247,1336,-3.14057617416897,-3.9272073572966804,51.35077698936033,1024
124,202329,204067,1738,-0.44565908055695047,-1.9103345207180098,76.86841368224663,82
125,204167,205713,1546,1.1756856222578875,-3.5350332682128425,-71.60384435187673,100
126,205845,205996,151,-2.1927426240415286,-0.25638367693392183,6.668956262303558,132
127,206335,208836,2501,-6.57084738184156,-1.9991383587945535,16.922048211741025,339
128,210939,212412,1473,-4.520387499851793,0.5153675365004915,-6.504184621315859,2103
129,212476,212908,432,-2.4115956023636897,-0.035932436785671484,0.853635924786693,64
130,213556,215177,1621,-4.413034304062748,-1.7010857241774175,21.08007992236632,648
131,215263,216296,1033,-4.72121948030059,-2.590385477836591,28.75219930700514,86
132,223730,225539,1809,-2.1495553895043145,0.49090292935309776,-12.864260210018987,7434
133,225655,226045,390,-2.3174439710897445,-0.39116038445665424,9.580627639210991,116
134,227092,227661,569,-4.230390331288959,-0.9391891930547018,12.517223000831676,1047
135,227729,231044,3315,-4.072262746259682,0.49658019583473845,-6.952441572501899,68
136,231107,233754,2647,-2.5580425009593313,-3.3577766436005163,52.69889680845507,63
137,233915,235453,1538,-4.3475482839596395,-1.3625806921295833,17.40169978206618,161
138,235546,237993,2447,-2.8208154951006037,-2.003299892050592,35.38178547915815,93
139,238182,238383,201,-1.8541170052667866,-0.6243887911493431,18.611365640833352,189
140,238432,240419,1987,-6.744474549353001,-1.5336336973204254,12.810716742487795,49
141,244372,245441,1069,-4.342048466854237,-1.3955937933407085,17.818115793461942,3953
142,247367,249046,1679,-0.26501745154031653,-3.092003708018197,85.10111794493129,1926
143,249113,251162,2049,-5.425609123312711,-1.5223308769527648,15.673189279581017,67
144,255874,257907,2033,-4.320917159402839,-1.2064496943059595,15.600343771823358,4712
145,258024,259016,992,-4.125707254958286,-1.4638415965776517,19.535186601845155,117
146,264492,264636,144,-1.704241373445413,0.3202905314299045,-10.643858159740114,5476
147,264661,264730,69,-2.2306565236469424,-2.2690834320271023,45.48928297454553,25
148,264755,264900,145,-1.6557112142429133,-0.16810351481412056,5.797345586854047,25
149,264927,264978,51,-4.002336578540536,1.4685973933914198,-20.149854848761414,27
150,264992,265072,80,-5.401136555093558,-1.2018247336882837,12.544699584758868,14
151,266366,266664,298,-12.018466658619559,-5.271785671992006,23.68420019750125,1294
152,266696,267324,628,-22.075491294622736,-10.402250679146945,25.230406409251792,32
153,267921,268048,127,-8.217461273416106,-0.4131948366108844,2.8785530572356035,597
154,268591,269114,523,-16.782450480307126,-6.387713827356649,20.837758656164997,543
155,269177,269314,137,-2.63276340543149,-2.0804875656967425,38.31683450715716,63
156,269344,270174,830,-19.5960225910396,-10.546535479282255,28.289038166321987,30
0,481,566,85,-6.944191880364386,1.2993713291323132,-10.59841475855506,481
1,592,712,120,-10.710382535000036,-4.0394406619595316,20.664060574297537,26
2,734,809,75,-8.471540048899442,-2.56939949272261,16.872435358914565,22
3,931,1037,106,-10.218059873279572,-0.08405838535276189,0.47133038297552576,122
4,1060,1120,60,-5.947422385176679,-2.9652770669529502,26.50001273385054,23
5,1144,1415,271,-21.927710185269248,-7.097256389509809,17.935008947673925,24
6,1444,1599,155,-13.243711878321832,-1.2158344494349507,5.24531644997606,29
7,1628,1733,105,-8.169111970430777,-4.790860239234462,30.389932506999585,29
8,1755,1895,140,-11.527549963267404,-5.2701866277093075,24.569019276193146,22
9,1927,2154,227,-18.046021945723965,-3.737268422835186,11.700356002592653,32
10,2467,2770,303,-17.059432734707045,-10.499412355624727,31.610668787654916,313
11,2807,2984,177,-10.045955829106788,-6.578630817298276,33.21893050417418,37
12,3009,3278,269,-17.453258013043722,-7.862358557799183,24.250652503603977,25
13,3321,3656,335,-18.731003262783354,-10.747866226739063,29.847241981365993,43
14,3698,4001,303,-13.717222844238755,-8.401073054655072,31.48526433765654,42
15,4352,4694,342,-19.112489782228167,-11.238177096720591,30.4556019199913,351
16,4729,5144,415,-25.253990720615136,-15.701110648902258,31.870369661956804,35
17,5181,5371,190,-11.591715813239489,-5.712283223590191,26.23362326618309,37
18,5409,5696,287,-18.073780995923926,-9.175032133142679,26.91431779719795,38
19,5734,5990,256,-17.278638439052784,-6.88029013159759,21.71226479088179,38
20,6023,6333,310,-17.403889195709326,-8.483151220861728,25.985922464324943,33
21,6368,6566,198,-12.362983471278383,-4.170303975057649,18.6403727911093,35
22,6598,6741,143,-7.071785454140112,-2.589249766871191,20.10960099341208,32
23,6772,7145,373,-19.79641302066672,-9.42668050782855,25.462913702571583,31
24,7753,7865,112,-7.570116432019077,-2.8590775690580728,20.690521469694474,608
25,7898,8023,125,-11.760704381946638,-2.9512633514837034,14.087069709530132,33
26,8369,8454,85,-5.956348778774355,-5.489744574119882,42.66560901478134,346
27,8470,8568,98,-7.3813345998247115,-1.0100003258597212,7.791491062446903,16
28,8609,8739,130,-11.211346174212181,-2.173123053273983,10.969751488360464,41
29,8760,8881,121,-10.788049763416737,-8.040927706431845,36.69919163125454,21
30,9171,9314,143,-10.583011659323503,-4.724338133731578,24.056353404656143,290
31,10192,10261,69,-5.832991347608072,-1.4437797612107204,13.90240964584453,878
32,10288,10425,137,-9.197310623174275,-6.947309698165611,37.066055549370894,27
33,10602,10679,77,-5.850421717658207,-5.221054430172316,41.746475187085984,177
34,10707,10796,89,-6.639087817977881,1.038983963859522,-8.89436085079491,28
35,11034,11191,157,-10.235919367178852,-3.699491717667783,19.87099667213478,238
36,11225,11330,105,-10.647923438794024,-3.387120540806123,17.64594589467756,34
37,11467,11515,48,-1.8816007247042847,-7.247838278310695,75.44679453203265,137
38,11540,11649,109,-8.031141767359372,3.7924633597372406,-25.27760409394968,25
39,11820,12009,189,-15.910935132543045,-3.8893811328937886,13.736409097315846,171
40,12332,12372,40,-3.4610604466836605,-3.493357303680824,45.26608414402668,323
41,12408,12499,91,-7.44241503452794,0.30770444070510905,-2.367528607488643,36
42,12633,12868,235,-12.488921195958909,-7.518339226544654,31.047969874212928,134
43,13022,13123,101,-5.146867321770777,-2.0848414203549623,22.05139172628535,154
44,13201,13248,47,-2.4755805110595617,1.7175013815216431,-34.75203232406888,78
45,13268,13386,118,-8.07963326084419,-1.3178661502919056,9.263914656336922,20
46,13415,13504,89,-7.382028613852768,-2.221830322881061,16.750653943079083,29
47,13597,13696,99,-7.04990689758732,0.3734804630920081,-3.0325037490341495,93
48,13858,13967,109,-7.772550665122111,-1.782934801553651,12.919491452638672,162
49,14249,14299,50,-4.411665978808884,-0.7874429791025506,10.120209642788003,282
50,14432,14568,136,-10.973746274716575,-4.578022566936923,22.64489954172214,133
51,14590,14692,102,-8.445507040089936,-3.391814903324871,21.88097448450815,22
52,15069,15245,176,-14.058562148306805,-1.1370294555412954,4.623907860882506,377
53,15282,15400,118,-11.049700292837073,-0.8994606412343842,4.653693785070867,37
54,15522,15602,80,-7.420956448943528,-1.484152573028183,11.309645046162354,122
55,15622,15657,35,-6.19435405150152,-4.440867349590619,35.63756321243286,20
56,15941,16089,148,-10.974462408600218,-4.511605361177644,22.347581027906102,284
57,16104,16243,139,-9.189424112582017,0.6507325908461894,-4.0505364326422315,15
58,16698,16743,45,-1.5818171535857317,-2.064008898584632,52.534131166041924,455
59,16768,16979,211,-15.11114182847615,-9.835218343634295,33.05844147998677,25
60,17197,17336,139,-10.437630657620431,0.6318116513513985,-3.464006836739453,218
61,17718,17768,50,-3.7806571522970387,-1.726364100485057,24.542894277429014,382
62,17797,18197,400,-29.345975154011327,-12.547913307025837,23.15084930436488,29
63,18222,18512,290,-18.39047837737337,-6.6079307337979,19.764002655702413,25
64,18552,18790,238,-16.115506083941753,-4.145551630933198,14.42598982874869,40
65,18822,19088,266,-16.862763957387713,-4.023374264344369,13.419602735547953,32
66,19127,19180,53,-3.5369795289048227,1.015062428412591,-16.01272030956153,39
67,20031,20088,57,-1.5163758409498769,-0.8267767843164648,28.600636029519606,851
68,20126,20199,73,-5.714931309542962,-1.3397329453324431,13.193422976415516,38
69,20237,20414,177,-13.833556401490696,-3.5871948636540765,14.537238757330243,38
70,20766,20872,106,-6.867473835811069,2.837329119512674,-22.448197142537577,352
71,20909,21188,279,-18.9593383518595,-10.136204630048141,28.130234647986665,37
72,21219,21279,60,-3.5864304909410833,0.3905535965451179,-6.214882094713244,31
73,21305,21459,154,-9.493521210882292,-1.693684323453951,10.115387545606499,26
74,22007,22121,114,-4.831944537632538,-2.934640504458656,31.27204744155631,548
75,22163,22502,339,-17.54499457188828,-6.755412932627635,21.05838364510422,42
76,22543,22904,361,-16.990824628153817,-6.242901854812345,20.17473706046738,41
77,22949,23019,70,-3.4566866711508055,1.5356979255445253,-23.954083155093166,45
78,23543,23661,118,-6.5146531510103785,-1.8175481589118192,15.588775351216826,524
79,23698,24041,343,-18.326213767069518,-6.603225528514969,19.814896001478377,37
80,24070,24427,357,-15.761159576632679,-5.321582644338619,18.656689755006084,29
81,24463,24733,270,-9.970068428962108,-2.2372953888155536,12.647724159428966,36
82,24766,25091,325,-12.444981745781206,-2.9917137946007415,13.517141078492067,33
83,25134,25885,751,-13.003484954314843,-3.0773057431470505,13.314238084356289,43
84,26163,26212,49,-13.41846299371855,-6.380895802425044,25.432538657578522,278
85,26250,26366,116,-14.218279720862085,-5.65362928889661,21.68430393086663,38
86,26693,26881,188,-11.237809998696164,-5.248309645958145,25.033630974457267,327
87,27083,27263,180,-10.840519418570466,-0.9357939895504046,4.933754134732742,202
88,27477,27634,157,-7.323044113671102,-4.491437586086093,31.52200969778949,214
89,27859,28677,818,-12.706441008207541,-5.358306857817496,22.865155441062846,225
90,28727,29641,914,-7.524679118401465,-1.5987872846750975,11.99539101771848,50
91,29693,30114,421,-5.26843504674703,-0.10329567952616969,1.1232269592649913,52
92,30361,31269,908,-16.544569182098556,-3.269347566725827,11.17811956325209,247
93,31344,31901,557,-10.034123281574821,-0.22955006204475126,1.3105236664558688,75
94,31974,32696,722,-9.451356091621662,-0.6515685688489015,3.943683331135602,73
95,33822,35421,1599,-21.692850428653514,-8.600153520051492,21.625902707149557,1126
96,35575,35964,389,-4.012747083460241,-0.011390526842262716,0.1626385486198486,154
97,36007,36297,290,-5.294647679751009,-0.9657077919352872,10.336735692848459,43
98,36972,37210,238,-9.458101805139549,-1.5167435295696379,9.110637378620313,675
99,37421,37645,224,-10.553007151568494,-6.756637472244563,32.62969106340872,211
100,38424,39618,1194,-6.852311920871458,-0.7530427489837166,6.271419808234624,779
101,39790,40743,953,-8.153654965262433,-1.826462777620435,12.626131731836194,172
102,40855,41239,384,-5.3482082367135035,-1.8023509485495453,18.623862372526307,112
103,41831,42231,400,-14.14473908657348,-11.314058586461798,38.65552840103676,592
104,42288,43357,1069,-6.666043588399958,-1.4501297765174712,12.272897606147508,57
105,43407,44737,1330,-7.636217666971518,-2.42282801973019,17.603252333562303,50
106,44807,45577,770,-8.62037260913418,-1.9004956600531955,12.4328616564872,70
107,45636,46394,758,-6.3695030388997935,-1.0551359196321073,9.40587939224363,59
108,46442,46595,153,-1.3492672130925172,-0.9003605960096337,33.71502307074327,48
109,46625,46813,188,-4.5895826434945235,-0.6689051987599584,8.292146102044907,30
110,46833,47083,250,-5.7918380733116095,-2.0726584372232963,19.69018032294981,20
111,48111,49189,1078,-3.310140340871385,-1.30498310662432,21.5162432575508,1028
112,49233,49763,530,-1.5768796124885398,-0.6991596447924309,23.911624467304815,44
113,49795,51665,1870,-6.5421847530653,-2.8956860164610134,23.875023782481595,32
114,51746,52219,473,-3.264025745510196,-0.38985811572436546,6.811191013550799,81
115,53083,53327,244,-5.1366048235550466,-2.961140472374751,29.96250950691941,864
116,53386,53867,481,-5.613985816400287,-1.9417442304228558,19.079286362393802,59
117,53918,55862,1944,-3.4612854408537856,-1.8842167752851822,28.56250598116086,51
118,55915,56677,762,-4.828381831843444,0.17158526235013483,-2.0352524677403205,53
119,56707,57475,768,1.2474130477768455,-3.8016990427351516,-71.83430811973292,30
120,57541,58657,1116,-4.991763539103772,-1.3756987714588433,15.407873326909835,66
121,58724,59414,690,-4.878038373482866,-0.09757740797081738,1.1459582136780777,67
122,59474,60132,658,-5.384202767638271,-0.8423608492584265,8.891869031299171,60
123,62794,63457,663,-1.6472925379262193,0.41116164730613036,-14.014587110692482,2662
124,63512,64356,844,-9.924150699390708,-1.9634628271879677,11.191266807131548,55
125,64421,64542,121,-1.445950279755408,-0.07104677837078555,2.8129662989711797,65
126,64628,64810,182,-6.7697882183979345,-3.7602793542481123,29.049985551330348,86
127,65689,66294,605,-4.791027684215251,-0.37181353087015623,4.437614079645425,879
128,66402,67352,950,-5.137111141712211,-1.0135594862313866,11.161186939712746,108
129,69089,69900,811,-4.717597095292675,-0.8011734206986603,9.638388371208121,1737
130,69960,72096,2136,1.3211084030768347,-3.309329948886983,-68.23775901680182,60
131,72162,73088,926,-5.620343190889756,-0.4997083878539428,5.080845121028255,66
132,73154,73721,567,-4.25247212842099,-0.9962263877833095,13.184904494101641,66
133,73770,74595,825,-5.119384837055648,-1.5518283530170152,16.863519996345357,49
134,74696,75462,766,-6.670736790583561,-1.9940526999202746,16.6427415491841,101
135,75496,75803,307,-3.666430473730344,-2.762918404665413,37.00064658918536,34
136,75902,77147,1245,-6.088240856343688,-0.33844331148981155,3.1817788226748824,99
137,77324,78493,1169,-3.5469690730209322,-1.4637511813479307,22.424794628118622,177
138,78556,79928,1372,-3.4096438390626815,-0.4327602804280417,7.23344310164473,63
139,80154,81465,1311,-6.557634520169358,-0.7554363809312719,6.571478863378171,226
140,81771,84295,2524,-3.75033569452971,-1.3839077478555026,20.254516340983447,306
141,85229,85292,63,-3.0223358279314567,-2.6141391505838385,40.85783894744975,934
142,85313,85518,205,-7.83002985866122,1.3532637919303312,-9.80556198645573,21
143,85558,85622,64,-4.0671064994627955,-3.2932903098220407,38.998403853515384,40
144,86213,86977,764,-2.736411900695245,-1.7644961827329126,32.814777514153356,591
145,87030,87213,183,-0.25958154400407807,-1.9740398501801053,82.50872276782486,53
146,87257,89081,1824,-6.0181450793901945,-2.587787787303327,23.267587526441634,44
147,89191,90783,1592,-4.690112999387793,-0.967900965133154,11.660462862030492,110
148,90842,92546,1704,-0.2893046169151745,-3.960427770082532,85.82203116557532,59
149,92624,93204,580,-2.7936977785364263,-1.0943750043523721,21.391764844652673,78
150,96001,97496,1495,-6.282901673283945,-2.510349640766023,21.77930722945886,2797
151,97548,98283,735,-1.9955429122587844,1.4531054040301825,-36.06118883846348,52
152,98353,99289,936,-5.256706182597441,-1.7552215025690856,18.464236367364474,70
153,99377,101005,1628,-2.558776389882624,-1.5017733561538478,30.409130462792167,88
154,101081,103442,2361,-1.6697763314557221,-2.719216299814491,58.44735863172705,76
155,104400,105755,1355,-5.240173813181357,-1.4277562026762354,15.241052054421239,958
156,105829,106868,1039,-1.7635018488417558,-1.2806117033378257,35.98623099679501,74
157,106967,108093,1126,-3.4577134202835538,-0.2433439380324387,4.025674823528811,99
158,108152,109636,1484,-5.294182979123065,-2.8451236416940873,28.253833598770548,59
159,109708,110654,946,-2.7101936057211304,-1.3447457149123352,26.38971927805635,72
160,110725,111577,852,-3.043805244968354,-1.136828008192623,20.48011093184378,71
161,114329,115175,846,-3.206819352391335,-0.4612756102264086,8.18539957574205,2752
162,115242,115834,592,-2.726519053602317,-0.29667879372836126,6.21005288439274,67
163,117233,117337,104,-2.607537004959269,-0.6524441852152165,14.047822655382268,1399
164,117381,117945,564,-10.74142699197283,-5.109722915848238,25.44054649055233,44
165,118009,119858,1849,-3.156271920201732,-0.5891480003842702,10.573124201746362,64
166,120093,120322,229,-4.8208698712117695,-0.8893754787225276,10.452653633046117,235
167,120658,122312,1654,-0.4174970537280842,-3.9942334895150395,84.03282995626918,336
168,122380,122690,310,-4.707224348502791,-1.75639051887795,20.46188179252935,68
169,125931,127454,1523,-5.225445445014259,-1.6637708889981297,17.661366243301742,3241
170,127517,127942,425,-2.3714996017553602,0.5761917191121597,-13.656261832553328,63
171,130943,131532,589,-1.7191383720746813,0.23866503265098515,-7.90375606758477,3001
172,132733,134001,1268,-1.3379068867853334,-1.30392455654993,44.26303522151444,1201
173,135444,135939,495,-3.1513984892988276,-0.10198408558123617,1.8535323798085552,1443
174,142917,145142,2225,-1.621552577966554,-0.3326978480310885,11.594605793783533,6978
175,145241,145378,137,-1.139802010010996,-0.22381403007752,11.109378955877672,99
176,147515,147685,170,-4.121057249641424,2.1587586728890216,-27.647171470895625,2137
177,148877,151210,2333,-3.123956240639586,-2.8792519360603848,42.665787045815826,1192
178,151858,152051,193,-3.1631848880316795,-4.8923326009695955,57.114921277725244,648
179,152114,153748,1634,2.006177657568273,-5.285015153316877,-69.21337169123035,63
180,156202,156551,349,-4.220310347612184,1.7531201373739123,-22.558035662154417,2454
181,157721,158185,464,-2.2012427264268837,-0.5819631627307587,14.808995722289191,1170
182,162885,163235,350,-2.137658132502196,-0.5534991656638653,14.51665974869102,4700
183,164197,164415,218,-2.3325085425416603,-9.117649623673728,75.65015750451809,962
184,164472,166022,1550,-6.026713224417222,-6.278589186242172,46.17261763469439,57
185,166085,168695,2610,-1.6882992085934347,-3.4525482302217796,63.94132495278687,63
186,169195,170803,1608,-6.479366332926858,-2.3775398060036395,20.150115826489714,500
187,170871,172143,1272,0.7984922218731185,-2.3910169687531635,-71.53299693393146,68
188,172554,173135,581,-9.375210406153144,-3.6893082393728776,21.480500007787857,411
189,173264,173642,378,-3.959597019172449,-0.7299659514931562,10.44540343662009,129
190,173713,176448,2735,-0.12009807940792427,-4.524600882107464,88.47953490014639,71
191,176496,177501,1005,-0.8411019477507438,-1.896238171369447,66.07967585972187,48
192,177553,178636,1083,-6.840499127950153,-3.5270812702007106,27.2764253137893,52
193,178762,179885,1123,-3.5917303847517417,-2.2398322669709216,31.948000235622892,126
194,180022,180518,496,-5.449738837674403,-3.5138239982673127,32.81267821036755,137
195,180607,182699,2092,0.20323530896628483,-2.8788383940621713,-85.96183018980096,89
196,182750,184249,1499,-4.158943367279292,-1.8995298063045993,24.547780047146162,51
197,184816,185829,1013,-5.571477684896507,-2.5730241466029327,24.788473989636366,567
198,186703,187765,1062,-3.207309317133195,-0.23617865227194557,4.211523977824884,874
199,187824,190359,2535,-4.547392811110427,-2.220504844470824,26.026388528807782,59
200,190429,192348,1919,-4.303003566106952,-1.3360810172022752,17.249549384189446,70
201,192474,193316,842,-3.1372928343527064,-0.8815660518211104,15.695138996447543,126
202,193369,193680,311,-2.324792479124852,-0.4064619968740857,9.917237466493805,53
203,193728,195632,1904,-4.521079127152191,-1.919538302599321,23.00487574290735,48
204,196394,196432,38,-1.0577497982223605,-1.447638784141546,53.84542894388685,762
205,196459,196671,212,-11.914589840131981,-1.4425498097150609,6.9034408942433085,27
206,196695,196742,47,-3.8329347578876707,1.5611511738401447,-22.161027245405098,24
207,196926,197189,263,-12.311957475390415,-7.864473282249179,32.56910123621675,184
208,197234,197684,450,-10.851329466895578,-3.5245995523864053,17.99421565256275,45
209,197732,199691,1959,-4.797317869140144,-1.4451757078307423,16.76474929545085,48
210,199794,200069,275,-0.5534376163417676,-3.082314968411353,79.82085876975177,103
211,200122,201565,1443,-7.580878996009147,-4.481403611413413,30.58927169184665,53
212,202679,205412,2733,-2.3300394099277923,-2.050674147240798,41.35109563299614,1114
213,206799,208191,1392,-4.020737245440671,-2.4711085763083247,31.574505987034367,1387
214,208834,210861,2027,-1.226907757285872,-9.316858649660219,82.49806535511541,643
215,210931,212333,1402,-2.495004837557474,-1.8865116325516595,37.09348837058555,70
216,212389,214257,1868,-4.795880270114807,-1.6652698924301461,19.14849661642364,56
217,215099,216350,1251,-6.393552486447774,-2.2586389974543124,19.456696439752385,842
218,216430,218841,2411,-4.375184950914118,-0.2827898568615126,3.6981656071800653,80
219,220228,220963,735,-6.123168181752931,-5.914694541354464,44.00784166742074,1387
220,221028,222791,1763,0.16624388404034107,-1.5397660343461013,-83.8378178266251,65
221,223722,224954,1232,-6.452232941542917,-4.48713507609105,34.81626142112526,931
222,226840,226957,117,-6.684224482025371,1.2306690804523157,-10.432207255527107,1886
223,227051,227094,43,-4.224891516080419,-0.5292267394657131,7.139908288049145,94
224,227111,227151,40,-3.3274323012847447,-2.3089519342113363,34.75732308250946,17
225,227171,227248,77,-6.75657399199828,-3.335126430475313,26.271502229846927,20
226,227280,227430,150,-11.00724875895736,-1.6852969356641552,8.704837846289635,32
227,227459,227544,85,-7.530017399092017,0.194142421055858,-1.476899322566495,29
228,227566,227610,44,-4.725292986260982,-0.8105064562593327,9.732952478731093,22
229,227633,227698,65,-4.928601324783557,2.990995045495481,-31.252093019773334,23
230,227724,227931,207,-12.047218396012127,-0.5201129120105605,2.472087709851765,26
231,228562,228594,32,-3.5250083319735808,1.6012788868023051,-24.430514454236427,631
232,228611,228821,210,-15.11605985682084,-0.8350227749429706,3.161849376973876,17
233,228854,228957,103,-7.768023668281629,-0.3650728539368231,2.690742855328285,33
234,229103,229378,275,-12.962153451771826,-8.681359656463897,33.81206794528902,146
235,229558,229993,435,-16.549722697719375,-5.723088420619831,19.07598632514989,180
236,230044,230471,427,-13.718833624561768,-4.8736627538920345,19.55775682817185,51
237,230513,230947,434,-6.976831300777945,-4.948725012105626,35.34839788741203,42
238,231030,231829,799,-11.213840409335276,-1.7466550386388633,8.853187690992739,83
239,231890,231984,94,-4.347091416079522,0.2380072972068774,-3.1338682761617216,61
240,232109,232192,83,-7.069985277808925,4.043046544666808,-29.763541275983364,125
241,233055,233212,157,-7.274924053486643,-5.154964507686287,35.32114156804249,863
242,233447,233721,274,-13.545572529858035,-3.8002852518389574,15.671757594945761,235
243,233780,233857,77,2.2876626817210024,-1.1924057796881442,-27.53002236576044,59
244,233939,234033,94,-5.707032564953238,-0.84087566585508,8.381669299919189,82
245,234063,234161,98,-6.393898653419427,-3.434873102932073,28.24518401774516,30
246,234510,235127,617,-14.226113451088985,-7.808490347093425,28.76169207674051,349
247,235195,236079,884,-12.694971967766321,-2.740947527921648,12.183603421390334,68
248,236438,236494,56,-3.526252553710833,0.31853509771788424,-5.161659980534091,359
249,237997,238901,904,-7.02580420708199,-1.6228395113055285,13.006230932346465,1503
250,238975,240386,1411,-5.742644820795846,-1.309147973008919,12.84222266018119,74
251,241831,243212,1381,-3.9691065129091783,-1.6699640119636143,22.818463631906397,1445
252,243280,244808,1528,-6.714758154517455,-1.579382522794603,13.235987496269896,68
253,244917,245327,410,-4.787531516117724,-0.03882245333701917,0.4646056041841411,109
254,245531,246409,878,-6.601072651963435,-2.664851316471072,21.983916991132492,204
255,247199,249874,2675,-7.735775641893696,-0.837137361653177,6.176304869458096,790
256,252595,254311,1716,-4.588406781186251,-0.6820116935697058,8.454431799602174,2721
257,256708,258369,1661,-3.782226718351126,-2.2808187494202343,31.09148828061066,2397
258,258458,259854,1396,-6.093461947667379,-2.701157082870381,23.90712362450018,89
259,259916,260813,897,-3.133906974290511,-0.3995072243852178,7.264822630113204,62
260,260867,261864,997,-4.720903824331188,-2.178989062984101,24.77624489283569,54
261,261932,262284,352,-3.058941474189382,-1.5194759608484958,26.415089077551666,68
262,262343,262623,280,-3.843198291380972,-2.4732322099667385,32.762694845757444,59
263,263731,264720,989,-5.332609587754433,0.4018326750787793,-4.309313632769698,1108
264,264788,265211,423,-5.0899267190645645,-2.01995106246288,21.645785697836725,68
265,267378,268927,1549,-5.305095100286479,-2.2306441848941603,22.80539248529287,2167
266,268990,269576,586,-3.579796708956394,-2.0613242307879034,29.934266343396054,63
267,269674,270293,619,-5.753627764409245,-1.3202329970257978,12.923428502334332,98
0,1670,2339,669,-9.574063861690348,-3.111938371419342,18.006151401221423,1670
1,2519,2731,212,-5.122543450031031,-3.8095053070851748,36.63724352021395,180
2,4280,5057,777,-6.646589737512855,-0.76609231181925,6.574952694341255,1549
3,5336,5466,130,-0.8492374032533831,-0.15942203288282997,10.632039500098218,279
4,5514,5836,322,-6.194192605771391,2.1968959601274065,-19.528082827024086,48
5,6066,6360,294,-0.8835902511063978,-1.4056014050487704,57.84567809289577,230
6,6490,6676,186,-6.351819271345562,1.7273739700080597,-15.213631680854409,130
7,6704,6977,273,-7.053400171068063,-3.1399949609745477,23.997416195703668,28
8,7223,7619,396,-3.555267917744203,3.3019271445504614,-42.88415553268297,246
9,8095,9506,1411,-4.579539359021695,0.4995481635394583,-6.225359866357974,476
10,9945,11116,1171,-7.036038494905611,-1.1347749044385296,9.161791362793076,439
11,11174,11889,715,-4.067853354921979,0.3247883699417571,-4.564965484311376,58
12,12724,13087,363,-2.338293579379908,0.009268752962128701,-0.22711333143301596,835
13,13362,13758,396,-5.853113079829939,-1.9393339142520176,18.331776199986717,275
14,16268,18500,2232,-5.6570085796932545,-1.376995490758759,13.680547743133868,2510
15,25053,26276,1223,-0.8323630720758217,-1.092295110600375,52.69146448268079,6553
16,26344,27810,1466,2.528076409383175,-2.874707188320727,-48.67094061020456,68
17,27871,28034,163,-1.3592071588846153,-2.0649372076782697,56.645819680045555,61
18,31191,33970,2779,-3.844213707981254,-0.3080489008035414,4.581500814721147,3157
19,34872,40412,5540,-3.5127708679321046,0.3635806261686696,-5.909215974035084,902
20,41306,42300,994,0.8683817120423498,0.7945541475132387,42.457970489248,894
21,53510,53733,223,-2.3810846559093193,-0.9524813540635932,21.80239464128027,11210
22,56010,58379,2369,0.40558858635566253,1.1113545403591303,69.95045740833594,2277
23,69736,71880,2144,2.6505808464767426,-1.3804786208020658,-27.511454475727096,11357
24,75666,80743,5077,1.2955184254667813,-1.4521053248332123,-48.26175457961271,3786
25,104243,106951,2708,1.4644256437058516,0.6203462079356115,22.95803007429304,23500
26,117145,121427,4282,-0.20077418241019984,-0.1820307404725554,42.19684081053486,10194
27,127618,129555,1937,2.995853885999594,-0.47269077017311645,-8.966304729454556,6191
28,140942,142503,1561,8.147208510754695,-5.2263120978284405,-32.67956316083986,11387
29,142564,146685,4121,8.301481217914855,-1.0726725712939071,-7.362655426337814,61
30,153916,155120,1204,-0.8370532048214159,0.10851354273883373,-7.386490535181381,7231
31,159900,161944,2044,1.1243640854290646,-0.6701785085597152,-30.797104673824265,4780
32,163671,164823,1152,5.49717575803254,-2.568567363581849,-25.044435437037116,1727
33,171302,172995,1693,5.7063209562237205,-2.0560452100256157,-19.814604954792667,6479
34,179474,181876,2402,-0.30648940709744465,-0.5251314001564964,59.73031512280373,6479
35,183483,183835,352,-0.5399898355082939,0.822189351213396,-56.704265761795654,1607
36,186152,188956,2804,5.762697561435772,-1.6721147822863287,-16.1807107185005,2317
37,189016,192389,3373,6.998190934851564,-1.063739366019803,-8.642917364929897,60
38,206084,210349,4265,4.8272726723011345,1.6781803456257194,19.1697849973771,13695
39,219187,222024,2837,1.7213990186356511,-2.022296476634679,-49.595238466283384,8838
40,229265,230627,1362,1.2826463705287665,0.13654514029897769,6.07658180655091,7241
41,233693,234072,379,-4.351763887482576,-1.7157789614984011,21.517932797813433,3066
42,234650,235241,591,-3.075068541827136,-2.0062260351012497,33.12110002229922,578
43,235351,235922,571,-2.1036490457063906,0.6381835887476086,-16.876212819207165,110
44,242267,242860,593,-1.3404624224648956,-1.093809570680122,39.21424586984762,6345
45,255971,256343,372,-2.14641249980815,0.6687793182566679,-17.30599235367777,13111
46,256428,256986,558,-5.327882416147119,-0.7176903321065708,7.671825545267251,85
47,262888,263403,515,-3.433862840501419,-0.8356920798937608,13.678051702738202,5902
48,268934,269688,754,-3.1803577088435304,2.3968151779295397,-37.00280068832116,5531
49,269739,270489,750,-0.9770841109807265,-1.463766406519639,56.27634743559601,51
0,324,416,92,-7.670913496531426,0.3216721103063094,-2.4012345627038103,324
1,646,1296,650,-16.215128061554367,-4.731831093681009,16.26808091159286,230
2,1796,1973,177,-0.3322356375389717,-3.8457182964440335,85.06241689697865,500
3,2011,2676,665,-7.830380684724901,-0.5519700251777664,4.032157278959479,38
4,2726,4043,1317,-10.835856009774247,-4.438868836410279,22.276280207757644,50
5,4347,4875,528,-7.163311242152801,-1.8107913741269641,14.186430436595282,304
6,4914,5005,91,-1.4807033816999535,0.3880488411044496,-14.685285299057348,39
7,5030,5233,203,-5.003797193050161,-0.8699963122820975,9.8632585643958,25
8,5600,5719,119,-2.6466405276158014,-1.3538045827496887,27.090566849123114,367
9,5845,6067,222,-3.9840006770626957,-4.813925422986131,50.38887099893176,126
10,6106,6184,78,-1.5870397534634293,-2.3473404062445695,55.937325634980304,39
11,6216,6803,587,-10.928365806889616,-1.9397432284762886,10.064957392090484,32
12,7454,8590,1136,-10.291081339401345,-2.0714250467036663,11.380626635284765,651
13,9520,10157,637,-7.960753470214101,2.1600701012960286,-15.181105612153363,930
14,10790,11846,1056,-8.925460788939688,-2.6469536231297184,16.51836203503617,633
15,13117,13318,201,-7.424179802744476,-2.707967402883625,20.039426295589024,1271
16,13441,13776,335,-6.263931518387494,-2.423369752835441,21.15029764535845,123
17,14689,14908,219,-0.7796291333331453,1.3280930169354264,-59.58582964778403,913
18,16467,19394,2927,-5.130067996615864,-0.7498959963402712,8.316403266819997,1559
19,20596,23663,3067,0.05924704226782751,0.8400108613640498,85.965536442568,1202
20,30840,31152,312,-1.5279631963011155,1.5425945844466327,-45.27301568777449,7177
21,33147,34543,1396,0.1526760415007118,-1.4804154820220106,-84.11187188946886,1995
22,34852,37929,3077,-2.2227155535989027,-1.7615343717801153,38.397335915911675,309
23,41372,42446,1074,-2.3826249407196656,0.6063036319031312,-14.276969180635563,3443
24,43411,44435,1024,-0.028966115762273148,0.9133533486315599,-88.1835287398731,965
25,45440,46536,1096,-0.8403638601257626,-5.272833363305523,80.94457845553556,1005
26,47346,47698,352,-0.4236225944337093,-0.7047778477495967,58.99108053678574,810
27,47814,52004,4190,3.6512665603202095,0.6196449459840494,9.63172003823554,116
28,52670,57059,4389,-0.6943886939561423,1.6399468441831004,-67.0511579087165,666
29,57171,57509,338,-2.1850456848890616,0.450969215833382,-11.661475049340428,112
30,61262,69158,7896,-0.8107772517668792,-1.5725955894686763,62.72589464518491,3753
31,69275,70700,1425,-2.2176311710119734,-0.8691078431238708,21.400620174825928,117
32,73533,80419,6886,3.1205885943477796,-0.38728065122469957,-7.074520063075588,2833
33,80552,84145,3593,-3.768097634114767,-1.6055756872241176,23.078716020905112,133
34,93350,95158,1808,-1.7982948181891913,-0.16763875255422533,5.325775370468823,9205
35,135904,140602,4698,1.7282071025066301,-0.9601469565593703,-29.055412241653073,40746
36,153347,153750,403,-1.4287891394644703,2.8294438896325573,-63.207515586632724,12745
37,155516,156920,1404,5.741288149910133,-1.7290761788469524,-16.760473099392616,1766
38,158540,162013,3473,5.1650694685876175,-1.9625917456756383,-20.80548578455309,1620
39,170448,171503,1055,2.0255552581960217,-1.087358344243853,-28.22778794875394,8435
40,185932,189004,3072,10.564024412336138,-2.9442145886231827,-15.573259314050494,14429
41,194871,195764,893,-1.356145303395806,0.6908078732461433,-26.99387263244435,5867
42,213562,215189,1627,-1.5801430165758035,-6.065879011079787,75.39911649054945,17798
43,217264,220585,3321,6.338585250940966,-3.5943830276935387,-29.556008149356135,2075
44,262207,264613,2406,4.712600506933484,-0.8729406800164838,-10.494261511812182,41622