,start,end,length,delta_x,delta_y,angle,interval
0,98,258,160,-10.722557748423284,-2.5245271598869437,13.248480955938758,98
1,276,318,42,-3.3148041249282727,-1.6036723319529926,25.817278288092183,18
2,336,374,38,-5.543808675346241,-0.9389382488446785,9.612792165629672,18
3,395,436,41,-6.344815938632763,-1.7481445234334387,15.404121508914102,21
4,454,495,41,-6.647506810666243,-1.4843637930734417,12.587439439709327,18
5,510,555,45,-6.551208595408951,-3.4063257241601406,27.472347391862584,15
6,574,610,36,-5.730397955928581,-1.2006670088237001,11.83376214931218,19
7,629,676,47,-7.939086354379313,-1.8176857837993623,12.89583263872026,19
8,1006,1064,58,-5.14668427273287,0.2721726715246717,-3.0271591816840964,330
9,1081,1121,40,-4.095970495998856,-0.9785157211977946,13.435971706729218,17
10,1141,1187,46,-5.010223803797317,-3.2958585170472077,33.33798282253577,20
11,1206,1426,220,-19.852251974536316,-8.648191439190242,23.539276681573952,19
12,1445,1477,32,-4.846516801583974,-1.8524549128121066,20.918054682577438,19
13,1494,1644,150,-18.305832792461516,2.1506046641934944,-6.700504908229042,17
14,1660,1757,97,-12.752129322633778,-5.6371393656778395,23.84805296957809,16
15,1932,2018,86,-7.588988850895561,-0.7121303900249956,5.360784591266131,175
16,2162,2266,104,-16.5994299558115,0.9931718809926764,-3.424021177070495,144
17,2288,2373,85,-8.886390472225656,-2.9106093636832213,18.135464307709924,22
18,2391,2440,49,-6.77496118540796,-0.6457573615327306,5.44471493677418,18
19,2449,2470,21,-3.083697069159527,-4.080992391343486,52.92441892913472,9
20,2483,2516,33,-4.306401095096831,-1.1959899027552012,15.521237652422847,13
21,2530,2579,49,-5.359698025077336,-3.2399983678072886,31.15343872367899,14
22,2597,2649,52,-6.131524386160962,-5.60692094161881,42.4410941844966,18
23,2671,2730,59,-7.340727624644742,-2.574460750505878,19.32623817750524,22
24,2751,2842,91,-10.505985491241574,-7.024403513261149,33.767070275144064,21
25,2860,3053,193,-23.326734913463753,-9.614604023901649,22.400037157647404,18
26,3074,3120,46,-5.798765813444291,-0.015201846579202538,0.15020431631014758,21
27,3132,3181,49,-6.568508961329798,-3.334804412353023,26.91671370871712,12
28,3195,3239,44,-6.984711314410376,-2.9466838065208947,22.87372591885965,14
29,3260,3366,106,-14.016303115755164,-5.601438964500446,21.783497481631333,21
30,3383,3498,115,-15.357281774561272,-4.957616161404147,17.891044411019507,17
31,3512,3537,25,-3.4849509325161563,-4.603017264561885,52.87058445601225,14
32,3555,3632,77,-14.913657072015425,7.324908462683268,-26.15816642868231,18
33,3870,3916,46,-5.49194952577102,-2.0246446859923424,20.236752920080708,238
34,3933,3966,33,-2.9445285520653783,-3.7110140616382097,51.56952616289713,17
35,3984,4057,73,-9.58792133456879,-3.4185982208371826,19.623824599315935,18
36,4075,4130,55,-6.4299501878128495,-2.674023971622674,22.5809650854053,18
37,4147,4196,49,-6.8754209559755,-1.342058473278044,11.045057740166483,17
38,4213,4279,66,-9.071199439232828,-3.8989420783717748,23.258782488937456,17
39,4293,4363,70,-8.15241295027215,-3.0303816948482307,20.39090183126475,14
40,4381,4470,89,-12.43907137269322,-2.974253341903335,13.447276567398267,18
41,4496,4547,51,-7.137937879924607,-3.1492600657259686,23.807084584455673,26
42,4586,4639,53,-12.59998314679109,-7.199050459551401,29.741659222002177,39
43,4653,4706,53,-9.371187158628175,-2.0731156156628288,12.474201127456663,14
44,4721,4774,53,-7.503418978650018,-3.586913217752283,25.54953343682557,15
45,4790,4869,79,-10.557646038549763,-4.943989620757307,25.092998381975566,16
46,4883,4932,49,-7.672787957581775,-2.6054910818795776,18.75623046895849,14
47,4949,5030,81,-10.909544831601963,-1.514948552916323,7.905792096608711,17
48,5051,5113,62,-9.773156143542451,-3.2310568814242515,18.29415778306927,21
49,5129,5183,54,-10.00872653724916,-2.400056917671833,13.484704445416,16
50,5197,5262,65,-9.682778528500378,-3.5251735152654504,20.004860996435465,14
51,5284,5398,114,-14.139760723626665,-7.2490935686437155,27.14305355920514,22
52,5413,5470,57,-10.344579629572294,-1.7986820029421153,9.863789144181121,15
53,5489,5645,156,-19.16847429738762,-15.577482514770324,39.099434770577,19
54,5665,5824,159,-19.048043469235637,-3.703294798814184,11.002116491311737,20
55,5990,6242,252,-26.246157495199512,-9.792014582668259,20.459727186520862,166
56,6263,6472,209,-19.36244389403396,-7.513145949834438,21.207584652964254,21
57,6494,6639,145,-11.048594197618343,-6.299720777760342,29.691054210095825,22
58,6664,6726,62,-4.680851589328412,-1.6638088492727547,19.567758177251267,25
59,6750,6803,53,-8.71333118534254,-1.2763122142872874,8.333314850428604,24
60,6818,6873,55,-8.370662623861094,-1.6212922448515172,10.96174210717322,15
61,6965,7045,80,-12.789429639062746,-2.612125565049894,11.543384923450049,92
62,7059,7115,56,-8.177563486928477,-3.7752646349362493,24.780942717891147,14
63,7435,7654,219,-11.463500163105053,-5.301745761225774,24.820034632123406,320
64,7678,8153,475,-15.52989470498273,-6.977841157451266,24.195180010230587,24
65,8188,8264,76,-1.2557592885027873,-1.1278853349082851,41.929231246058215,35
66,8289,8376,87,-4.205050677999466,-2.5147522829873594,30.88074824440533,25
67,8563,9025,462,-24.665154773269776,-11.63827451603639,25.26032191677302,187
68,9049,9929,880,-24.272245585052787,-12.380454639281638,27.024596384542768,24
69,11032,11117,85,-5.881409428235884,-1.4999450621017019,14.307250057316317,1103
70,11129,11174,45,-3.6397375689129774,-3.959963337965007,47.412823629697236,12
71,11192,11239,47,-4.401971906317044,-1.4679481652777326,18.442260562781406,18
72,11256,11333,77,-8.163527241458823,0.9879970045121951,-6.900703201147629,17
73,11542,11645,103,-15.617517510059514,-9.45653429263713,31.1952473816421,209
74,11677,11761,84,-11.35421088573797,3.954674748328955,-19.20324108406194,32
75,11779,11916,137,-11.37167760593708,-3.3891030611948167,16.595644429504237,18
76,11934,11990,56,-4.093622858300108,-4.9384734130642585,50.34382375858805,18
77,12009,12094,85,-8.63839808534837,-7.574962931594001,41.24734219807935,19
78,12116,12327,211,-22.754158105840396,-7.30587830956533,17.800724465088827,22
79,12350,12469,119,-14.654879768796917,-4.524824497116256,17.158537947407524,23
80,12487,12544,57,-7.757394568244337,-1.6849887101055145,12.25488967151037,18
81,12567,12784,217,-24.740904246292885,-7.28088567099374,16.398383593533854,23
82,12815,12856,41,-4.573104462617323,1.442058826767294,-17.501874936692904,31
83,12874,12918,44,-4.767501220429608,-2.0603854117353393,23.372698283903652,18
84,12938,13057,119,-13.669943278231514,-8.696515832595523,32.46361719164799,20
85,13072,13195,123,-14.329131037531951,-4.637978115559051,17.935458429703,15
86,13464,13728,264,-10.211724338498513,-6.825439641682891,33.75846921181064,269
87,13758,14100,342,-11.417818789146587,-2.5409600312022036,12.54634179084543,30
88,14133,14636,503,-11.376134616136767,5.7613814984324705,-26.859685960917314,33
89,14667,14954,287,-4.8537840017657885,-3.717981202278125,37.45198578541032,31
90,15052,15184,132,-6.33364937167417,-8.925965581172235,54.64140960092478,98
91,15211,15354,143,-8.54213912657282,1.5243497487062854,-10.117961809713353,27
92,15387,15521,134,-5.754877258508941,-4.5851818747745625,38.54598366566141,33
93,15548,15675,127,-7.564506412601162,-7.132882267386222,43.31785519281209,27
94,15697,16099,402,-16.30432497115018,-12.256009014483524,36.93229223262474,22
95,16135,16486,351,-8.468511998511687,-0.8924129520362101,6.015634817615335,36
96,16528,17299,771,-8.361689110648072,-0.9002093583703186,6.144727426139274,42
97,17717,18503,786,-13.405835223777487,-8.550816646369285,32.531477379035955,418
98,18589,18815,226,-5.480413925269801,0.6991434489302719,-7.270027429022599,86
99,21071,21310,239,-5.234866638701675,-3.6003849346376455,34.519031646242624,2256
100,21363,21549,186,-4.485004813499501,-1.1371633027501815,14.227402251864536,53
101,22046,22076,30,-3.067722439726751,-1.6201217997708852,27.839375130384354,497
102,22094,22148,54,-5.535022741220132,-1.1906082899548949,12.139602825191734,18
103,22169,22321,152,-8.629747712035496,-4.954889528517725,29.862886582644013,21
104,22560,22601,41,-1.5309212297340622,-1.2987459105052324,40.309365774180286,239
105,22622,22807,185,-8.164878470851633,-2.8616806234825987,19.314880783849766,21
106,22831,22891,60,-6.9422749874564715,0.33962959934797254,-2.80078800502462,24
107,22915,22960,45,-2.9743553118060504,0.8808454373553332,-16.49648028563843,24
108,22976,23025,49,-5.0633326667647935,-1.0909957930663552,12.159611533430464,16
109,23041,23097,56,-5.593323597924027,-0.8494823813675367,8.635765764395297,16
110,23116,23212,96,-6.545742638683478,-5.2588079920053445,38.77817380713895,19
111,23393,23511,118,-8.32195284720703,-5.725960234873995,34.530105635810635,181
112,23960,25276,1316,-12.734633104966825,-6.936885696516342,28.578278585539586,449
113,25344,26313,969,-5.217851033085353,-4.400972101970908,40.14580124113791,68
114,26394,27574,1180,-9.201069252920469,-2.479315238640538,15.080705391870588,81
115,27643,28220,577,-0.8795906707371159,-4.716695980318448,79.43656309911167,69
116,28246,28828,582,-4.759339744791603,0.03624583642044854,-0.43634063018504815,26
117,29347,30055,708,-4.551819462805838,-0.14052857645694417,1.7683341165216722,519
118,30113,31038,925,-3.2608892270595504,-0.440635768066457,7.695621399150609,58
119,31129,32040,911,-3.690266543944091,-0.13820486706863733,2.144792643877161,91
120,32096,32944,848,-2.5175962411330346,-1.8414917226716767,36.18354390955452,56
121,33126,33760,634,-0.7343268923539625,-1.1914565806836492,58.3533495894361,182
122,34332,35027,695,-3.3292910311982666,-5.3562908066816135,58.13629956971227,572
123,35062,36806,1744,-4.8712296745166555,-7.46753617819212,56.88275114533011,35
124,36869,37592,723,-2.1985689262482424,-0.4832299303240717,12.396102120210486,63
125,38367,39216,849,-3.9020466280498027,-2.034285036997659,27.534741443570947,775
126,39272,40846,1574,-4.065809050941951,-2.295092467631136,29.444121545288922,56
127,40903,41427,524,-1.98466585608368,-1.163985131602061,30.39116347424967,57
128,41477,42095,618,-1.3857948395756523,-1.0126790580222718,36.15772264634723,50
129,42213,43272,1059,-1.0827519476453489,-2.0267385100082578,61.887366467769276,118
130,43328,44046,718,-2.128747746826221,-0.4333499297779184,11.506494957692146,56
131,44094,44627,533,-1.3524294061556361,-1.592671426478688,49.66348843095532,48
132,44657,45060,403,-1.193370201330083,-0.31500068920543356,14.78647632609935,30
133,45090,45239,149,-2.3784075269333442,-2.116873621944194,41.67030481174825,30
134,45268,46294,1026,-8.434274686018512,-3.017383278510934,19.684799236620286,29
135,46330,48614,2284,1.0198369018665403,-3.236093824071048,-72.50804542091753,36
136,48792,49774,982,-2.3477036875924,-2.3725228782510897,45.30126133799072,178
137,49814,51266,1452,-2.5249290880218638,-1.4945372259355736,30.62182254115947,40
138,51453,51722,269,-6.403704491044721,-4.102587944343227,32.64600247372723,187
139,51750,53401,1651,-5.615743271677957,-7.9003758097624655,54.59403290000845,28
140,53462,54794,1332,-1.0910289057800782,-2.3239385521149813,64.85116160253388,61
141,54838,55960,1122,-3.3415508220287364,-1.3652620267332765,22.223519589250046,44
142,55995,57908,1913,-4.257735031000465,-1.878450264594889,23.806368758599742,35
143,57961,58630,669,-0.3847064391862034,-0.15105181352393515,21.437044984439126,53
144,59218,59439,221,-2.018982766369902,-1.946469169173639,43.95238672980089,588
145,59479,62029,2550,-5.004683666275824,-4.761893307049618,43.575959783992296,40
146,62088,62942,854,-0.5648992379319822,-1.5395811979093281,69.85103063191724,59
147,62993,64624,1631,-2.0707602753967933,-2.228250376515234,47.09803729478774,51
148,64668,65235,567,-0.924978664618223,-1.4885288874689593,58.14299287327127,44
149,65282,66969,1687,-2.0330565455713554,-2.1757901902785335,46.942314127958966,47
150,67023,68930,1907,-2.7178612375820563,-2.0631406251867332,37.202295949414804,54
151,69022,71354,2332,-3.670911150212646,-4.453928796530235,50.50478294957812,92
152,71573,71806,233,-2.070750345102013,-2.2136216580394006,46.90993941152676,219
153,71842,72032,190,-4.105593118450102,-2.417956893582641,30.49562478277017,36
154,72058,72126,68,-2.5851329784124744,0.41044979242695945,-9.021726962652163,26
155,72148,72259,111,-2.8725659152224807,0.5186680879742909,-10.235002748744929,22
156,73560,73611,51,-2.743872749459996,-1.16207652048233,22.953479397789607,1301
157,73627,73678,51,-4.156316674074674,-0.4830566081408989,6.629304294719542,16
158,73693,73769,76,-6.414098386571055,-0.6244802583042031,5.560823301525141,15
159,73789,73835,46,-4.592050012743556,-0.9888755978187618,12.152779523277623,20
160,73847,73902,55,-4.553113837252965,0.13430939134798336,-1.6896415650785856,12
161,73918,73951,33,-3.218036799805205,-1.0153495980354563,17.511440653421296,16
162,73963,74590,627,-24.34375247732855,-8.522183708694556,19.293967783079776,12
163,74770,74951,181,-11.06802906412166,-4.757994686540158,23.26220935131749,180
164,74985,75344,359,-16.590955133850372,0.8146931063711236,-2.8112313193090475,34
165,75374,76493,1119,-18.537709713270957,-3.9313086157089856,11.973373371610698,30
166,76577,76620,43,-0.7586694056884085,1.3474130526095394,-60.61803966821749,84
167,76640,76714,74,-2.6589694666221675,-0.5492323864650217,11.67078666853632,20
168,76737,77175,438,-10.333945333639704,-5.452815954870999,27.818845721965666,23
169,77227,77280,53,-8.879979823667838,-4.697767784466109,27.880143315501886,52
170,77298,77345,47,-7.4139015282743514,-0.18001832538297435,1.3909361943218823,18
171,77362,77425,63,-7.797553669095706,-4.031780574740836,27.341545795280226,17
172,77441,77507,66,-7.954577303015711,-4.135492793834402,27.469400026109007,16
173,77530,77552,22,-3.7621052270126114,-0.9080900876754612,13.57037282718827,23
174,77567,77598,31,-4.356570901257214,-2.47313801692178,29.582709288355364,15
175,77610,77646,36,-5.53174642902988,-0.8587563624726045,8.824242253160229,12
176,78291,78415,124,-2.1549357906770865,-3.258111795452706,56.5190971973136,645
177,78443,78539,96,-5.776718582958964,-1.467160003581995,14.250562591460804,28
178,78568,79012,444,-11.38167409955247,-1.3413636250293877,6.721470968818828,29
179,79048,79224,176,-5.558435661050439,-0.4681533814907368,4.8143143344689765,36
180,79248,79499,251,-6.501642841825017,-5.163454918272521,38.45579310066693,24
181,79747,80148,401,-12.051413449927793,-7.6452957418660645,32.390631759798936,248
182,80199,80534,335,-5.095481122945287,-3.9338100418171393,37.668835360451745,51
183,80580,82580,2000,-7.803097139305436,-6.090409799395502,37.97245997203168,46
184,82652,82933,281,-4.399032378487519,-1.4408987829098407,18.136158421117855,72
185,83465,87252,3787,-11.647618034314434,-8.428111923369244,35.8891616802462,532
186,89981,91677,1696,-2.5347019119248984,-0.8232565849079094,17.993498128971638,2729
187,93364,95409,2045,-1.6813636653729702,-2.572963643188018,56.836446314803574,1687
188,96206,98726,2520,-3.741543891884831,-5.518205733984587,55.86130382446017,797
189,101382,102671,1289,-1.8323335615894365,-1.5922012856966887,40.988920343621956,2656
190,103756,104630,874,-1.5437821043575326,-1.3841990697892328,41.88030890730034,1085
191,104658,105479,821,-2.0420416782363873,-0.6370132760119276,17.325269518865106,28
192,105542,105889,347,0.47707378866509487,-0.3000297755525452,-32.165621213765704,63
193,107535,107968,433,-0.8311125176921763,-2.7954223427720137,73.4421563271818,1646
194,108021,108664,643,-1.1196058506432252,-1.5215205151034041,53.652629369751004,53
195,110205,110544,339,-1.6818081553523427,1.2346996621587891,-36.284258458148166,1541
196,110579,112365,1786,-5.468270324640926,-4.501579362632583,39.461831265327646,35
197,112401,112707,306,-0.99909534267222,-1.0343403821301678,45.99299417075069,36
198,113347,113842,495,-1.9038964443458326,-2.7988425083791952,55.7747305156701,640
199,114413,114894,481,-2.3236207251929386,-4.064127294073614,60.24170549382238,571
200,115468,115559,91,-1.5312801011300223,0.08235413422058002,-3.0784719611524825,574
201,115584,115855,271,-3.6444161544715428,-2.2933476769766656,32.18126785768555,25
202,115886,117098,1212,-3.6597403838382405,-3.127366206808958,40.5149569304182,31
203,117130,117298,168,-0.7320055249976889,-1.227327312534399,59.18720217501385,32
204,117600,117687,87,-1.3123701650089146,-0.33423250835002705,14.288256364570902,302
205,117711,117842,131,-3.1226629369477763,-4.268624091415617,53.81309225447045,24
206,117864,118069,205,-4.775819715421193,-3.836324414054687,38.77424543267854,22
207,118104,118388,284,-6.195514113615275,-4.711719320159673,37.25316944593797,35
208,120653,121429,776,-1.722006244626229,-2.623415879688963,56.719165291817895,2265
209,121610,122776,1166,-2.555406053039249,-5.004096700828214,62.94828930215135,181
210,122823,123970,1147,-1.6298656555405842,-2.104111474249194,52.23828099589634,47
211,124370,125510,1140,-9.355369120051506,-9.29265708974475,44.80731895828253,400
212,125564,126081,517,-1.7344968152584528,-1.6393166049205519,43.384030890899275,54
213,127119,127902,783,-1.8105426639190085,-2.155322769968663,49.96862577235248,1038
214,128067,128670,603,-1.7054363729870516,-0.7206579614724262,22.907224710087117,165
215,128711,129024,313,-2.1093805316118193,-3.517306995595547,59.048266589008705,41
216,129081,130086,1005,-2.4145970405209454,-1.7009103493342081,35.16194779539995,57
217,131528,132646,1118,-1.474512923535002,-2.5470520414508115,59.93303717939556,1442
218,132705,132899,194,-0.4311318236620991,-1.0360765545425892,67.40684513989075,59
219,132930,133391,461,-2.796206546602903,-2.160680576135803,37.6939263589199,31
220,133421,133699,278,-1.490026542137329,-1.5828115510856122,46.72953291271647,30
221,133774,133955,181,-3.2762481647154402,-2.448395201248246,36.77137874937604,75
222,135599,135887,288,-0.1938221032875873,0.21698995497636986,-48.227791203774565,1644
223,136937,138439,1502,-4.813154891592063,-2.297733943854496,25.519167624858262,1050
224,139968,140821,853,-0.5011097470480337,-1.5405706856025603,71.98156771506939,1529
225,140855,142154,1299,-2.3694174235372856,-3.3378797761067034,54.63069469866661,34
226,142195,142905,710,-2.5270069364678136,-0.7420445516098368,16.36464596216668,41
227,142993,143632,639,-1.3271289550287975,-3.7968829581372177,70.73388760722666,88
228,145321,145602,281,-1.7624125575890304,-4.7254001516312485,69.54620577965362,1689
229,145638,146206,568,-8.498040717971861,-6.64946112224581,38.04211061842904,36
230,149637,150028,391,-4.266747690871483,-5.54644751390741,52.42978809080936,3431
231,150119,150413,294,-2.198303233318285,-2.7536740197046754,51.39905776922633,91
232,151053,151103,50,-2.2066206172870864,-0.5579031007035553,14.188828891594197,640
233,151126,151194,68,-5.41486082447841,-1.4574184571870603,15.064258612608116,23
234,151223,151251,28,-3.9891832284869366,-0.45281348029030255,6.475944110730712,29
235,151272,151349,77,-8.139675278916954,-1.5268929443090968,10.624441249927807,21
236,151384,151427,43,-4.113028535259531,0.4006979076048651,-5.564288553568272,35
237,152219,152574,355,-12.245766323327501,-2.4990527303902326,11.534246697543345,792
238,152816,152983,167,-6.359312997596319,-2.371159709877034,20.44868112353171,242
239,153019,153070,51,-5.481326461808223,-3.6497314871641606,33.657590643134775,36
240,153099,153138,39,-3.7891584165582657,-0.15015661754091525,2.2693274478041054,29
241,153165,153240,75,-6.392232385071694,-1.2557505968029972,11.114192865677527,27
242,153273,153434,161,-13.585599218778029,-1.3938918463000078,5.85808802931423,33
243,153514,153873,359,-19.754205689853492,-7.808039751520269,21.566886052541776,80
244,153930,154032,102,-13.539229186715005,-5.125072894376629,20.73341121209996,57
245,154061,154121,60,-3.8793240140508516,-4.497592228460917,49.221129238708386,29
246,154138,154178,40,-3.7411055461872706,0.8955688862144342,-13.46247362845588,17
247,154198,154235,37,-3.1062174884306444,-3.4472761430673273,47.979114559415876,20
248,154259,154294,35,-4.675747226088916,-1.5389881877329543,18.218584134002185,24
249,154311,154387,76,-6.682236079172895,-3.0471504307124775,24.513346249550256,17
250,154480,154549,69,-3.3946296427384226,-0.2954979804115965,4.974980516825991,93
251,154593,154648,55,-2.670973328528973,-3.438662915002837,52.161810044034745,44
252,154691,154785,94,-6.074156108927582,-2.062536281069981,18.755397114474956,43
253,154810,154899,89,-7.624709353798579,-3.6590236666808664,25.63589483122926,25
254,155048,155114,66,-6.2249636617172115,-2.2934088001456843,20.224868631865025,149
255,155137,155230,93,-10.913363179821701,-3.9623608012766027,19.954654395490916,23
256,155278,155338,60,-6.124888643357934,-3.5500551764927906,30.097069070693614,48
257,155356,155484,128,-13.921055234106774,-2.414051750618171,9.83783470259464,18
258,155508,155571,63,-8.39416609965265,-2.486036170353401,16.497307281414546,24
259,155591,155678,87,-10.942778743604592,-3.9560731195202976,19.876120761242003,20
260,155696,155759,63,-8.36935930024265,-1.5033754663606231,10.183355069766169,18
261,155789,155855,66,-7.6778422830953446,-2.794287999200421,19.998563103245964,30
262,155875,155959,84,-12.352070474212994,-2.428204465110923,11.121548045172851,20
263,156442,156628,186,-11.961259142511281,-6.998241623424107,30.330863852645052,483
264,156656,156760,104,-6.007550692825461,-2.352179912559805,21.382194006570916,28
265,156810,156882,72,-8.848920157649005,-5.650928709897357,32.562339486610476,50
266,156911,156981,70,-8.275837456996413,-2.7154719344125624,18.165723822440384,29
267,157001,157169,168,-15.517496968697785,-2.9592066804397064,10.79674302789439,20
268,157191,157235,44,-7.204832158323455,-1.0801926055409865,8.526626281567284,22
269,157265,157384,119,-11.874563383141592,-3.243641438232359,15.278128956602064,30
270,157408,157660,252,-12.119840294408675,-4.30459094701726,19.553458570008075,24
271,158078,158132,54,-4.739513052428535,-0.3751632925469437,4.525896731314572,418
272,158163,158601,438,-19.656749599081536,-0.7721846326386554,2.249618274718171,31
273,158631,158732,101,-6.563898857808368,-0.047960253297404165,0.41863399451000943,30
274,159269,159305,36,-7.437464818340203,-2.2185937931065354,16.609828205082163,537
275,159332,159398,66,-6.063645733829361,-1.7601467551318848,16.18688360923058,27
276,159415,159649,234,-12.055389485938946,-7.631759807683395,32.336179642430885,17
277,159680,160106,426,-14.896028071883691,0.17297086413110208,-0.6652817148196918,31
278,160129,160324,195,-6.947628356152791,-3.7971293417462277,28.658194807862436,23
279,160353,160432,79,-4.671190944538296,1.836467813932117,-21.46215505111231,29
280,160623,160679,56,-5.441298612749762,-2.8958741504785905,28.022031368371323,191
281,160699,160905,206,-11.081202859426568,-1.0881862071722992,5.608525650329775,20
282,160933,161012,79,-3.5964865806439548,-3.913214547606259,47.41506643808066,28
283,161060,161129,69,-10.873947748247033,0.2619553712502807,-1.3799987951380772,48
284,161344,161403,59,-4.245564210152253,-1.9359273404265593,24.512427865295113,215
285,161420,161463,43,-3.477115067935898,-2.843459759713511,39.27506640064484,17
286,161480,161535,55,-7.451639201851194,-0.12041359872053192,0.9257816158553854,17
287,161556,161624,68,-7.235464066145553,-2.431493464775201,18.575034820364294,21
288,161682,161756,74,-8.253289728073995,-5.5831270810484455,34.07728731364906,58
289,161776,161923,147,-12.316094504306506,-3.5950864118853048,16.272603809505917,20
290,161962,162045,83,-9.027708750362933,-1.5602988385141856,9.805809998132315,39
291,162060,162141,81,-8.138381810274538,-1.6379540861987323,11.379489742045612,15
292,162159,162237,78,-7.753144128636208,-2.4259649854134153,17.37494322245045,18
293,162259,162350,91,-8.670683753165719,-1.296326667943518,8.503130296777467,22
294,162370,162443,73,-7.782190232091622,-1.7777128906465833,12.867490554975923,20
295,162456,162667,211,-10.352534310752247,1.180616841189675,-6.505980035702717,13
296,162735,162777,42,-3.6652416327208783,0.0,-0.0,68
297,162908,163028,120,-7.785854898063974,-2.4153046215513143,17.234779093664507,131
298,163348,163422,74,-7.319436355857121,-1.0475784676315953,8.14502026749746,320
299,163678,163808,130,-12.017342892016302,-2.585751695744321,12.143098757475277,256
300,163860,164266,406,-30.965787908292214,-18.125604926529775,30.342270506220743,52
301,164347,164397,50,-7.674665565388366,-2.071024816681245,15.101677937283341,81
302,164535,164630,95,-7.683011181618426,-2.3264739861021155,16.846709965923466,138
303,164959,165117,158,-16.008775185007394,-7.242023042119342,24.340965384306443,329
304,165152,165225,73,-8.842373962385153,-3.3587291065103813,20.79901658234827,35
305,165285,165335,50,-6.718167321630574,-0.8347334395029407,7.082711378026264,60
306,165351,165425,74,-9.477281711776058,-1.3464016369426588,8.085687520279025,16
307,165460,165571,111,-10.451781524232857,-2.392963434498796,12.895759586358007,35
308,165593,165661,68,-8.360918632752501,-0.9536715572432257,6.507206011096393,22
309,165680,165732,52,-7.26634177476511,-2.8161107035664514,21.184114106528263,19
310,165763,165792,29,-5.609671853171903,-0.01234366937596576,0.1260749355766323,31
311,165805,165840,35,-6.241093771967954,-0.2649418618252639,2.4308145696456895,13
312,165855,166255,400,-24.798135225947306,-5.711315762814834,12.969758264224438,15
313,166278,166631,353,-14.408080824586236,-2.952282903244125,11.579883855852698,23
314,166676,166927,251,-18.880954969292475,-4.223324574581795,12.608471161530822,45
315,166941,167112,171,-8.361034397605806,-4.724597053533657,29.46963042405618,14
316,167132,167275,143,-7.032776655675178,-4.103972653819525,30.26567330905438,20
317,167296,167352,56,-7.0270723109162105,-0.041409154947444904,0.3376288509198047,21
318,167374,167472,98,-8.307256572788617,-1.5254327262346408,10.405109817925945,22
319,167591,167660,69,-6.170108757568144,-2.220750526473765,19.794859437277147,119
320,167676,167872,196,-14.190100813530506,-1.7260465436216634,6.935238065366969,16
321,167884,167935,51,-2.904593835598547,-0.3678631928609235,7.21801076166525,12
322,167958,168009,51,-5.080473688018344,0.5733521851301902,-6.438819691323003,23
323,168101,168213,112,-8.497010355990469,-2.7454378722714523,17.90597338590206,92
324,168234,168305,71,-9.81193504222776,-2.1219921259713033,12.203217037364123,21
325,168322,168544,222,-14.863381976972391,-2.295437772790237,8.77916049868235,17
326,168561,168610,49,-4.930456671374898,-1.0767704684124197,12.319490388112234,17
327,168623,168664,41,-4.216505363988702,-0.24341786954632028,3.3040047739668297,13
328,168678,168723,45,-4.865176931440175,-2.0687309629036577,23.035773104567923,14
329,168739,168876,137,-14.472136579725998,-5.982300651123396,22.458576226551237,16
330,168909,168968,59,-4.306357019417732,-2.9637157895805615,34.53647889907745,33
331,168984,169127,143,-12.27859731556714,-5.408145139889967,23.771236447121876,16
332,169150,169288,138,-10.576072621458536,-1.6185662950422994,8.701057470883063,23
333,169309,169407,98,-4.282896191857446,-3.726726202145997,41.02788697567529,21
334,169424,169491,67,-5.188026141161558,-1.0143985627763072,11.063288253159719,17
335,169610,169685,75,-7.055010202369914,-3.177758964990616,24.2480326371655,119
336,169824,169900,76,-7.2099626036640245,-5.344439145526636,36.54797022304942,139
337,170015,170115,100,-10.987704936652563,-4.03954243210336,20.185550491749193,115
338,171065,171108,43,-3.9990914431076305,2.15043665722186,-28.268310792811157,950
339,171121,171197,76,-5.937748030903975,0.9349621026168791,-8.94836275357598,13
340,171217,171332,115,-11.4561295480528,-4.772860324236078,22.617619164620283,20
341,171350,171421,71,-7.8997461328374925,-2.4479348825670115,17.216908855964473,18
342,171439,171526,87,-8.614535559244757,-4.341152208840995,26.745061218531326,18
343,171547,171616,69,-6.840194731438899,-2.3344673130152955,18.84408923706171,21
344,171641,171771,130,-13.759139386391041,-5.801576827149063,22.86284675637094,25
345,171789,171950,161,-16.332678551115464,-4.694120876646579,16.035004416810587,18
346,171969,172076,107,-11.864018508538408,-5.553420209260736,25.083791456832365,19
347,172097,172192,95,-9.961379011990672,-4.585255327893023,24.716769994420176,21
348,172219,172291,72,-8.681105653208377,-1.4945282189631257,9.768214877088528,27
349,172321,172371,50,-9.99772199321552,-2.881647200359936,16.078588554093205,30
350,172386,172497,111,-14.192271294751649,-3.5515057212931964,14.049305476559255,15
351,172531,172580,49,-7.870974532642222,-3.3995012795105595,23.3596837989997,34
352,172598,172649,51,-9.869428878841617,-4.140914616614381,22.761451466880178,18
353,172683,172748,65,-10.12002045543801,-3.962975734676405,21.38519189170754,34
354,172782,172948,166,-20.14471294337372,-9.774403460852284,25.883095997882172,34
355,172969,173088,119,-13.939192489499575,-4.645772270707482,18.43263585155894,21
356,173115,173178,63,-9.062100869564475,-2.5912291170160557,15.957421731417446,27
357,173197,173279,82,-9.898989067765285,-1.8973264666860814,10.850217565516818,19
358,173297,173339,42,-6.741363130214793,-3.8457788120493746,29.703675478309947,18
359,173361,173396,35,-7.418119256412865,-0.5107209459820012,3.938471518216879,22
360,173410,173456,46,-7.590926403901037,-2.8335523401880636,20.469672578285603,14
361,173643,173687,44,-13.108122515260987,-1.9742885683303655,8.565261183039498,187
362,173708,173809,101,-18.85613123713125,-7.198286843933502,20.894246528420748,21
363,173832,173899,67,-11.773726464771983,-0.2864644719794569,1.393778563776131,23
364,173920,174093,173,-19.125615683893358,-8.4891659550388,23.93469584026968,21
365,174114,174164,50,-11.17924770501331,-4.121385925075799,20.23711359930801,21
366,174204,174251,47,-20.436718243639717,-2.3066152098705572,6.4395067021621815,40
367,174329,174380,51,-10.574301801001567,-2.6627844774499323,14.134161200954807,78
368,174395,174448,53,-11.578822185552099,-0.8916651957543422,4.403558456637107,15
369,174468,174678,210,-28.363071628122626,-7.081478185097723,14.018579974412258,20
370,174707,174843,136,-14.775234311922816,-9.306907894665713,32.20679203467473,29
371,174865,174964,99,-11.13196898535675,-2.999758082992699,15.08139459015841,22
372,174979,175082,103,-14.37358023303257,-5.314339329750993,20.29084971488309,15
373,175108,175166,58,-10.49474865767796,-3.3288521084620015,17.59861969817033,26
374,175187,175251,64,-13.478285667759621,-5.370956161772867,21.72676575266803,21
375,175268,175337,69,-11.147793517996064,-5.71520020798296,27.143101090290553,17
376,175353,175425,72,-11.179746654494835,-2.659981412729124,13.383461691390137,16
377,175437,175518,81,-13.22728678087067,-0.16608141216264016,0.7193662703841833,12
378,175534,175667,133,-15.714524159580009,-6.233753960004961,21.637604577195617,16
379,175692,175826,134,-18.879503812678962,-3.463090910037053,10.394285282886615,25
380,175978,176039,61,-7.7200337631067555,-3.0048724486137957,21.26750419801818,152
381,176053,176172,119,-14.19587818353888,-7.519327623496309,27.909446870375486,14
382,176200,176268,68,-10.341123012233396,-1.892144214653399,10.368871131557102,28
383,176284,176347,63,-11.203631601668448,-0.8457802400211563,4.3171621909902615,16
384,176366,176500,134,-17.56193680023233,-5.4890845919565265,17.35693542912291,19
385,176522,176678,156,-16.09430472396997,-6.81889464615557,22.961581875560704,22
386,176693,176804,111,-12.13873753149467,-3.740452157924338,17.126251449374916,15
387,176829,176933,104,-12.857695589559938,-2.67199045185842,11.73968824526,25
388,176952,177088,136,-17.982971740700876,-6.55330289951921,20.02260660351606,19
389,177128,177261,133,-9.035003443928332,-3.1105595174263243,18.997496061711978,40
390,177347,177475,128,-9.14115967282278,-4.49588033871332,26.189261638134386,86
391,177738,177871,133,-5.587208254519112,-0.5585061932558091,5.708413908245923,263
392,177906,177986,80,-6.9730716382265,-0.13770308417045385,1.1313206838619634,35
393,178003,178046,43,-3.4870779599710318,0.08918359018042565,-1.4650460048279306,17
394,178066,178121,55,-4.614441902040994,-1.5842565649465286,18.948664206042583,20
395,178144,178245,101,-7.116180021736454,0.07112040052584234,-0.572605402214706,23
396,178364,178448,84,-6.596093225121237,-0.8516071833637398,7.356637512461607,119
397,178478,178605,127,-10.825512996169223,-7.079929234524926,33.184848235306426,30
398,178622,178679,57,-6.24754991308501,-4.756256276797217,37.28199807677982,17
399,178699,179041,342,-30.155696888512885,-10.20296218831237,18.69287736909358,20
400,179072,179124,52,-5.337179355056435,-0.871789726586087,9.27692553994519,31
401,179227,179300,73,-9.372933903020865,-2.368988871171723,14.184326292856662,103
402,179318,179477,159,-17.349184857413846,-4.448215088114978,14.380484013927829,18
403,179521,179604,83,-9.723522167297375,-3.3755303573208266,19.144495242380955,44
404,179622,179676,54,-6.959449428263554,-3.2815448256940414,25.24498499682925,18
405,179935,180009,74,-9.5453153552793,-2.6190786914859814,15.343415947392202,259
406,180048,180091,43,-5.896070824336405,-0.8563810704928301,8.26419476591412,39
407,180112,180191,79,-10.147730601098601,-8.512075743672128,39.99045216390423,21
408,180340,180569,229,-29.515596685381738,-8.03185934382796,15.222864242604693,149
409,180600,180679,79,-10.17371470204931,-3.4362471510529815,18.66277616474876,31
410,180707,180754,47,-6.159123326522931,0.2271995611833404,-2.1125857609367977,28
411,180800,180914,114,-9.172199768394087,-7.194201466631625,38.10881174978897,46
412,180943,181081,138,-11.476359369989396,-7.61568194784256,33.568147510920554,29
413,181124,181207,83,-7.615584220572458,-5.2962734723028575,34.81676054796485,43
414,181230,181337,107,-13.22332298591293,-7.233086588664904,28.67842227161244,23
415,181360,181463,103,-10.803144641329894,-6.7689862994099315,32.07025222058826,23
416,181481,181557,76,-9.498382204108935,-4.303316995824744,24.373278398669235,18
417,181581,181681,100,-12.58733033001139,-5.669893292916839,24.248919378818005,24
418,181705,181815,110,-16.045541772885265,-5.61200321071945,19.277523016324245,24
419,181841,181987,146,-18.788887580992167,-5.7967275007740255,17.145984732978974,26
420,182012,182121,109,-13.192536119600788,-5.632655169421483,23.120433342899158,25
421,182148,182238,90,-12.122226022369844,-3.8018496016095327,17.412799744403888,27
422,182258,182384,126,-17.367769509308403,-5.619061238695139,17.92814967045484,20
423,182400,182556,156,-18.952221418708348,-8.476980991374177,24.098092145223717,16
424,182580,182656,76,-10.12510533350499,-0.4709621239109367,2.6631531788934732,24
425,182789,182898,109,-13.177775286997885,-2.1731323529437816,9.364303401636795,133
426,182979,183164,185,-19.565558575915972,-7.987886820897799,22.20835957165785,81
427,183202,183300,98,-12.094051115004888,-6.2120528085958,27.18708705098755,38
428,183322,183452,130,-15.5304542314978,-8.498575065042374,28.68836027429043,22
429,183471,183594,123,-15.292866592734597,-6.766018160734362,23.86602094453918,19
430,184269,184598,329,-13.96488197886876,-2.7481693428916003,11.133058033675027,675
431,184627,185923,1296,-16.345654604936016,-11.126624271224529,34.243447301244885,29
432,185955,186004,49,-2.4627776204309697,0.05209473940594478,-1.2117877069550194,32
433,186023,186046,23,-2.867404231778721,0.2738244263117906,-5.454951779041852,19
434,186058,186182,124,-10.489825062178184,-4.3702987868389584,22.617716349901407,12
435,186196,186273,77,-8.820147423650866,-1.1635841551987482,7.515258621467818,14
436,186291,186346,55,-7.55776032843535,-2.4613207335370646,18.038772244442807,18
437,186366,186476,110,-11.805552761584153,-5.222380458821604,23.862990816054598,20
438,186496,186542,46,-6.7470011762523825,-2.443324134073052,19.907085920760093,20
439,186795,186858,63,-8.857935521378323,-2.6496443494126822,16.653324260352825,253
440,186868,186942,74,-12.136240374346073,-2.2293737547741728,10.408936992538289,10
441,186967,187009,42,-5.807446879556849,1.7324018878711627,-16.610208857680615,25
442,187023,187075,52,-6.643678418806161,-1.1865298546845366,10.125998071782723,14
443,187092,187253,161,-19.71130387601093,-6.631836854732285,18.595431117036902,17
444,187275,187357,82,-11.263866128510955,-1.3250828018059195,6.709445867690556,22
445,187373,187511,138,-14.420006006755173,-3.970318966249195,15.3940448637753,16
446,187531,187864,333,-35.33932854456046,-11.073723753390354,17.398596736734188,20
447,187887,188036,149,-12.093487030826068,-5.984905701994506,26.330195019117646,23
448,188066,188105,39,-5.696546347751749,-0.36970937446257324,3.7133236844057746,30
449,188130,188251,121,-8.393300831896028,-6.773234028258855,38.90286932151583,25
450,188393,188450,57,-7.018405353586218,-4.483208813713233,32.56957916125389,142
451,188462,188514,52,-7.768774109474194,-0.8014414471548292,5.889905873597403,12
452,188538,188800,262,-27.598203819798712,-10.77175035321379,21.321010384733537,24
453,188820,188905,85,-9.247401011356047,-6.019125148451366,33.060067498984694,20
454,188925,188986,61,-8.322338956317012,-2.4663391940738393,16.50727888683782,20
455,189014,189042,28,-4.005434021017123,-2.42284680944492,31.16932235860435,28
456,189066,189200,134,-13.301109555596454,-11.190798025142115,40.075351072510664,24
457,189225,189482,257,-16.790774532665154,-8.34705439521042,26.432956883824936,25
458,189728,189855,127,-9.451507076480212,-4.09308550985611,23.415587434169844,246
459,189885,189994,109,-6.939549676178444,-2.8080793747118946,22.03065092075124,30
460,190019,190088,69,-5.737719225394699,-2.2750459062273762,21.628673102145598,25
461,190108,190182,74,-6.004795530323463,-1.5191973887223185,14.197762832502372,20
462,190228,190256,28,-2.4186892722288036,-0.8904677855026932,20.211754239080275,46
463,190277,190326,49,-5.766391635089221,-1.1863705216555473,11.625743508190187,21
464,190392,190506,114,-9.073297720649961,-3.7639189649047182,22.530371290349617,66
465,190527,190633,106,-11.288664684902514,-7.146480218690925,32.336547849229675,21
466,190825,190909,84,-11.602863940659532,-5.952281749541328,27.157872660585788,192
467,190938,191057,119,-12.947653132614079,-6.950062730237335,28.226087625547123,29
468,191073,191190,117,-13.39788030861861,-4.771782328835684,19.603839754635352,16
469,191209,191336,127,-14.493680712257984,-5.720824696638573,21.53972732626493,19
470,191364,191484,120,-9.594619278246284,-6.052393364856158,32.244188313225735,28
471,191510,191827,317,-19.103412826369606,-2.2780400744653235,6.800283915889649,26
472,191864,192255,391,-13.006825316272753,-5.1761660280287884,21.700462367853895,37
473,194493,194584,91,-5.6457907331414106,-0.7202345404460146,7.269965112669648,2238
474,194609,194655,46,-6.829426257436452,0.71573818998462,-5.982877335658833,25
475,194674,194733,59,-7.055582304527363,0.8204423501230309,-6.632721357058311,19
476,194859,194954,95,-13.728065605901577,-3.250069718416512,13.31933734579509,126
477,194973,195039,66,-8.539483090798555,-5.192992524271361,31.30443510594723,19
478,195060,195148,88,-10.056675849927487,-5.2044592622793004,27.36214681106795,21
479,195170,195221,51,-9.003398428889724,-2.3009144886100756,14.335710215008252,22
480,195242,195354,112,-14.699271808350105,-4.124693866333814,15.674402257476887,21
481,195374,195435,61,-7.27238707826055,-2.190828687808448,16.765087264821048,20
482,195452,195544,92,-10.80886452863156,-4.623463807100933,23.15869195166118,17
483,195572,195824,252,-24.465717589307275,-8.981877723733675,20.15924439897632,28
484,195860,195972,112,-11.525307060465394,-4.029508694331,19.270784192459377,36
485,196000,196076,76,-9.122000536224007,-2.600388699335312,15.911145127779685,28
486,196104,196187,83,-9.10665331049755,-1.513019427436518,9.433204676872728,28
487,196226,196336,110,-11.789008795735143,-6.567521234061033,29.12167677720069,39
488,196370,196475,105,-11.219952893372266,-4.5438051466350515,22.046737622881594,34
489,196500,196585,85,-10.491204954060905,-0.7926506536096269,4.320706312517725,25
490,196602,196757,155,-17.69116278539026,-7.064560564119418,21.768164819520706,17
491,196781,196863,82,-11.853981078279006,-2.780203431155172,13.199437720749513,24
492,196888,197053,165,-20.000856142202572,-5.373940752317196,15.039355973309798,25
493,197078,197168,90,-11.084891047193025,-1.45077064618647,7.456387786056292,25
494,197340,197458,118,-13.1006003345247,-3.07816902780759,13.22259469789511,172
495,197492,197582,90,-11.032570426598639,-2.1731330943749185,11.143145029174466,34
496,197810,197887,77,-10.581902377149845,-2.591834796940418,13.762565289466844,228
497,198278,198541,263,-21.029079560893493,-4.83016502789971,12.935883050121301,391
498,198572,198778,206,-12.398798888489708,-4.823761445682479,21.258558478806883,31
499,198806,198888,82,-8.446660549312156,-0.986269129797023,6.659948685218606,28
500,198906,198971,65,-7.3925069799248035,-1.8130134206009956,13.779820664565152,18
501,198985,199015,30,-4.080281400985996,-2.2419160913853062,28.78665318836391,14
502,199037,199097,60,-8.505907487163,-2.04347130751124,13.50881165269047,22
503,199120,199169,49,-7.352961375159325,-1.363660783236881,10.50655352490823,23
504,199212,199278,66,-6.027416318557101,-3.2357466409820432,28.228597422039456,43
505,199488,199584,96,-10.009764113481324,-5.264636439586184,27.74213068170859,210
506,199605,199658,53,-6.393196681095134,-3.13238598104536,26.102827623573504,21
507,199670,199706,36,-5.2696466105221305,-1.823342616927107,19.086055970975732,12
508,199729,199963,234,-24.952947318137078,-7.759587335236219,17.27406224127065,23
509,200150,200204,54,-8.371371426700875,-4.838952953087798,30.029452713457214,187
510,200227,200283,56,-9.379794064394545,-2.163467831616444,12.988236927040186,23
511,200332,200431,99,-15.376486318918566,-5.487171723478568,19.639181230252554,49
512,200462,200921,459,-21.846356695159855,-5.327121533017333,13.703846526945714,31
513,200959,201105,146,-10.76238267263409,-2.656728441449573,13.866424847105941,38
514,201132,201350,218,-13.99114150302681,-4.925292645721058,19.393565454449988,27
515,201380,201423,43,-6.042976580338404,0.08350209736906322,-0.7916650392276489,30
516,201440,201493,53,-7.119799982770317,0.5431020516674749,-4.3621043787505505,17
517,201605,201721,116,-15.499938773395797,-5.419826302487266,19.27307747257956,112
518,201751,201847,96,-12.191073882656454,-3.6312829531329527,16.5869036105014,30
519,201882,202390,508,-23.10059373832283,-9.62306212085113,22.615246511405378,35
520,202415,202458,43,-3.14362198308946,0.7356401073273133,-13.170804585771712,25
521,202481,203576,1095,-33.80480596297954,-11.668078151943504,19.042643346244546,23
522,203614,204187,573,-12.495573028775198,-1.5635739875745998,7.132363339317119,38
523,204247,205137,890,-14.175475812313692,-5.245186944983118,20.305401233459875,60
524,205330,205944,614,-7.466984619966212,-2.0973602747270945,15.689229696036573,193
525,206022,206174,152,-3.888525734286688,-1.5125695781789545,21.25517858227826,78
526,206197,206274,77,-3.813174691390884,-2.1549799850358085,29.472556092756605,23
527,206302,206359,57,-3.5147463409790447,-1.3957805776918377,21.65908029366094,28
528,206520,206739,219,-18.355221383799645,-6.6378294415056445,19.881595368021888,161
529,206767,206963,196,-15.940730759047398,-6.396544156563195,21.864133059692914,28
530,206994,207555,561,-22.38346639528129,-8.333933917224584,20.421578826618973,31
531,207589,207969,380,-13.565391311607115,-6.838884605369088,26.754595448994078,34
532,208085,208357,272,-12.622156414267465,-8.34297653745783,33.46385419542474,116
533,208384,208577,193,-12.907457141299872,-4.781065115507431,20.325187835875052,27
534,208608,208745,137,-12.179002632353772,-1.5765837954991753,7.375976069738988,31
535,208789,209045,256,-20.176012539602795,-4.738751787406514,13.217523898252058,44
536,209084,209203,119,-9.692991726551085,-1.8966534110084865,11.071332703525423,39
537,209229,209412,183,-12.380818210876598,-3.2000149692058955,14.491834778554754,26
538,209441,209789,348,-14.041901924416365,-5.550610122990037,21.56834479895944,29
539,209844,210191,347,-8.578279739104829,-4.720421613521694,28.822934092933803,55
540,210236,211191,955,-12.909372374246331,-7.545103901460948,30.304882390765712,45
541,211233,211600,367,-7.780328882863202,-3.457644023454975,23.96076756328737,42
542,211645,211940,295,-5.50447697003321,-2.031589720536715,20.258070873793287,45
543,211981,212039,58,-1.6965357242255692,3.600297238064627,-64.76920116925727,41
544,212060,212441,381,-14.94946561787259,-5.230222539298538,19.28290841639686,21
545,212479,213174,695,-13.313842696230196,-6.788297065466722,27.01556128966395,38
546,213235,214093,858,-10.515882739998617,-6.363624292469325,31.17998144799616,61
547,214154,214949,795,-9.448244629147752,-4.9135978562185585,27.476869122483627,61
548,215011,215358,347,-5.11306620152601,-3.5846719327556826,35.03355510393649,62
549,215403,216118,715,-7.791119008136874,-4.172407779888502,28.17055563046503,45
550,216324,216398,74,-5.504008448281198,-4.188984257250908,37.273994565909,206
551,216423,216803,380,-11.890632584447104,-7.485901837141753,32.19299836108641,25
552,216850,217117,267,-6.681133174661937,-4.1894683634616285,32.090161147070205,47
553,217158,217302,144,-6.193561612357243,-4.028832618689989,33.04348717849404,41
554,217330,217721,391,-14.16237206996854,-6.455174266488569,24.503381549321126,28
555,217764,218218,454,-11.531060946020702,-5.977597490627019,27.401814168432562,43
556,218267,218348,81,-2.75947009456776,-0.3730584759569098,7.6992553583428025,49
557,218371,218467,96,-5.554495345630002,-2.261976211849955,22.15779630959968,23
558,218500,218652,152,-7.994832115194924,-4.421400729710086,28.944012869642535,33
559,218856,219103,247,-19.77921802775927,-9.937412037971654,26.675723414349843,204
560,219124,219800,676,-14.295772931067404,-9.201279556592937,32.76680650473487,21
561,219867,220205,338,-6.492303544683594,-4.246691049416796,33.18916444428694,67
562,220230,220872,642,-8.829124370578768,-5.716203534229749,32.92006421065054,25
563,220916,221215,299,-6.065460897230025,-2.269149539493128,20.511325433434394,44
564,221242,221386,144,-4.12715666179983,-1.6195725663625922,21.425960211142534,27
565,221437,221794,357,-10.482868170382801,-4.86882189300384,24.912753716746355,51
566,221838,222288,450,-11.31218525215246,-4.505512424948321,21.716819849372236,44
567,222354,222602,248,-7.798848284330802,-3.871072530326515,26.398176414806045,66
568,222643,222733,90,-3.806857708055162,-2.244902485262628,30.527836026473057,41
569,222766,222903,137,-6.419089395519904,-2.8544889377844385,23.974117812139003,33
570,222929,223089,160,-6.5023519682066535,-2.6543167951318054,22.20571109989651,26
571,223113,223161,48,-4.117290994323383,-0.22954368548828086,3.19100194281602,24
572,223182,223383,201,-16.54200630959579,-3.9208343916208435,13.334339712152289,21
573,223600,223691,91,-8.426669308403959,3.1101196235754287,-20.258122074820964,217
574,224270,224492,222,-18.90297336138842,-2.047429860154921,6.181755015150343,579
575,224592,224616,24,-3.114046256821638,-2.1434337409751265,34.54008222370335,100
576,224627,224664,37,-4.963141230260675,-0.6966362564439947,7.989949786635185,11
577,224689,224793,104,-11.794258793246101,-5.288822908546507,24.15258558746246,25
578,224894,224975,81,-10.221711842374177,-7.8490239755803515,37.51985264588809,101
579,224991,225034,43,-5.087724517731672,-3.9967021094696946,38.15168553390373,16
580,225052,225158,106,-10.468074165618077,-4.824492847483938,24.743881188864332,18
581,225171,225339,168,-15.816120164180752,-10.314617588722967,33.11072336157106,13
582,225456,225496,40,-6.478368416388108,-3.5099236728257637,28.448449585732423,117
583,225513,225565,52,-9.94925519765826,-2.7694797609321995,15.555102789290261,17
584,225582,225647,65,-9.226906048696023,-3.985102157478721,23.359523340839065,17
585,225665,225721,56,-8.194833670727945,-4.477691474820816,28.65237733926869,18
586,225750,225802,52,-8.13014999547049,-1.0691180678544185,7.4914343852730605,29
587,225951,226001,50,-8.248602780633746,-5.3014788263046455,32.72935552678319,149
588,226014,226177,163,-19.45609191856539,-2.4960280336142944,7.310561029774958,13
589,226195,226273,78,-12.193217646409323,-2.429401564926181,11.268168820177857,18
590,226289,226342,53,-8.307836562952005,-0.054597360705358255,0.37653043418019605,16
591,226361,226470,109,-14.153705017702407,-5.874856027554046,22.542139665259704,19
592,226488,226561,73,-10.173085152943386,-3.05336667601091,16.7066903486164,18
593,226585,226652,67,-10.549504266973571,-0.5086550350950318,2.7604362362962673,24
594,226677,226742,65,-9.943763037286544,-1.4146375887564915,8.096783880486267,25
595,226756,226823,67,-8.267622079017656,-4.506725034532678,28.595037706645616,14
596,226839,226912,73,-10.599565261264871,-3.6877423980640884,19.183526635752088,16
597,226936,226976,40,-5.651448331513876,-3.990398840837045,35.225314285211695,24
598,227129,227211,82,-12.439751700025155,-5.541221685762878,24.01032921235913,153
599,227225,227330,105,-14.730829515680313,-2.3810718060594382,9.181799197485638,14
600,227354,227421,67,-11.136489210074458,-2.7647264444883604,13.942285847207389,24
601,227447,227576,129,-16.099804534747136,-6.7398974497874775,22.715758021340594,26
602,227593,227636,43,-6.53893432567925,-2.6502692337271583,22.063007211137652,17
603,227653,227706,53,-8.214482893232812,-2.217316378996358,15.10571341732338,17
604,227719,227812,93,-14.971125985198853,-8.394721062290799,29.280545269241017,13
605,227837,227901,64,-9.340283648329176,-2.240933867005566,13.491474666235124,25
606,227939,228179,240,-30.621924453448543,-10.254144685069107,18.513783610841262,38
607,228209,228296,87,-7.52466177018367,-2.167045244340244,16.065997326708217,30
608,228618,228723,105,-10.821199200770948,-4.575115489348846,22.918248239631954,322
609,228746,228809,63,-7.2140856954471815,0.09970476156516384,-0.7918256840455501,23
610,228839,228945,106,-13.30780940039162,-4.0426731408195735,16.897838035689546,30
611,228968,229018,50,-6.284356601975148,-1.643843050061335,14.658816992605566,23
612,229042,229122,80,-12.200675341274362,-4.9565832797552645,22.10968585145237,24
613,229394,229440,46,-6.698350059890714,-1.6485253672329634,13.826237379845246,272
614,229461,229567,106,-14.677702139723664,-4.086498128054998,15.558020830095877,21
615,229587,229693,106,-16.880360979124944,-3.232734207313001,10.841368436210365,20
616,229712,229776,64,-7.4646937359522525,-1.4897159299978853,11.286144962827382,19
617,229799,229902,103,-15.159213330764459,-3.4136836518320877,12.690674212076644,23
618,229920,229970,50,-8.4815618656732,-2.780941626361397,18.153326036807233,18
619,229988,230029,41,-8.785969087358794,-1.7259428654054432,11.113841163936979,18
620,230051,230132,81,-9.943927780171634,-4.12187663340589,22.51458982395095,22
621,230150,230335,185,-24.453658324448696,-5.893293275844513,13.549811266498004,18
622,230357,230447,90,-13.734454853336914,-1.6435481533899434,6.8239111502241245,22
623,230468,230589,121,-16.230995960383993,-8.256863904429025,26.962878694443376,21
624,230610,230719,109,-15.459702411081764,-1.8553904026357912,6.843599522157593,21
625,230748,230868,120,-18.808724671975327,0.23792936419822297,-0.7247498989771954,29
626,231123,231231,108,-10.165529450855004,-4.351790050267198,23.175418857820013,255
627,231248,231305,57,-4.826711878617203,-4.894002021936487,45.39661486527019,17
628,231321,231424,103,-9.315120428556725,-4.8491306018664915,27.499931448997508,16
629,231443,231517,74,-7.302603064557729,-4.281641297489529,30.383826546865176,19
630,231539,231636,97,-11.6115408713095,-4.336276096622569,20.477912941986215,22
631,231654,231754,100,-10.598338094580853,-5.713382871815639,28.32834800608127,18
632,231880,231993,113,-13.972494243882778,-2.4528598494498226,9.956773121510745,126
633,232017,232245,228,-21.902830897161948,-8.566763268815038,21.36175240553217,24
634,232262,232431,169,-16.14037552314774,-5.245107310783666,18.002508927797724,17
635,232453,232634,181,-20.743954672618514,-5.922066736743162,15.933195493123025,22
636,232648,232766,118,-10.172407386910422,-1.366799943633609,7.652626985119936,14
637,232970,233087,117,-15.481814777694197,-6.166863072661002,21.718849634120495,204
638,233111,233211,100,-15.027371979333822,-5.540557033053162,20.23881303030451,24
639,233236,233385,149,-14.138992228967695,-8.297792259753479,30.407520324062002,25
640,233418,233545,127,-11.248597565376159,-7.029815665848602,32.00334000210584,33
641,233568,233853,285,-18.408461312135714,-7.698737587135909,22.69552687271365,23
642,233887,234085,198,-9.737237633488903,-4.654439441152832,25.547990486455635,34
643,234127,234455,328,-13.907357489675135,-8.906653086239857,32.63661299985872,42
644,234499,235232,733,-16.79782095812324,-7.771044483080786,24.826307712560308,44
645,235328,235510,182,-5.451889494820961,-2.757592196497626,26.83050802852591,96
646,235538,235697,159,-8.772380615052157,-3.5835122780768387,22.21998570924964,28
647,236069,236255,186,-7.628706711147672,-2.7256456943828056,19.661201264218082,372
648,237064,237524,460,-10.991557801437153,-8.79515679637828,38.66588040153493,809
649,237553,238321,768,-12.513784467376126,-4.7620399227037495,20.833999422736387,29
650,238383,238448,65,-2.7989449025561157,-2.0981640934032413,36.8562099854283,62
651,238476,238696,220,-8.539161754165889,-3.272521344824554,20.968672797876835,28
652,238730,238865,135,-8.711930337193252,1.319147927614651,-8.610237897867481,34
653,239891,240242,351,-9.547232328790699,-5.191654760021322,28.536744659073523,1026
654,240291,240978,687,-12.263386480125703,-6.130027710772566,26.558825622126104,49
655,241020,241373,353,-8.55808213367682,-4.324915157538825,26.81022313803968,42
656,241467,241827,360,-6.631161480773343,-2.6367370913374657,21.68416579442966,94
657,241867,242448,581,-10.68646172417857,-3.559232333082875,18.420849967544935,40
658,242520,242973,453,-9.196949281551511,-3.682355500740499,21.820610952494324,72
659,243001,243144,143,-5.471994293746093,-5.110001033023281,43.04076634606245,28
660,243417,243683,266,-7.176924296473743,3.2932778451002065,-24.648987440912293,273
661,243827,244099,272,-18.949626754381825,-10.767100472601257,29.605061226536023,144
662,245063,245119,56,-5.991202947249818,2.797445016084808,-25.02906697355607,964
663,245132,245246,114,-10.424899062106505,-7.107281807247077,34.28461108730135,13
664,245274,245304,30,-4.612357593763434,-1.4755818574488444,17.740473247416542,28
665,245324,245584,260,-18.426963826058767,-2.674388559166971,8.257935829211815,20
666,245612,245678,66,-8.120269420077477,-2.2966672631230978,15.792569519543067,28
667,245706,245906,200,-14.768445349132392,-2.283633611702598,8.789987726134212,28
668,245934,245984,50,-3.984534808239431,-2.1060024891300912,27.8584282104021,28
669,246006,246061,55,-7.665419330781674,-2.5788738556052806,18.5944622557681,22
670,246080,246156,76,-7.725033210641229,-1.0210840871018547,7.529627961650602,19
671,246338,246405,67,-6.821110346840854,-3.0811403231368075,24.309006434109953,182
672,246424,246562,138,-11.05230613433146,-5.908603608081123,28.12912426339352,19
673,246632,246711,79,-7.965861292604188,-3.2799447743498007,22.379423143927916,70
674,246736,246774,38,-3.5276704841201365,-4.069018648266422,49.076068018583776,25
675,246893,247276,383,-29.241221523187576,-19.352880333209683,33.49800798260506,119
676,247665,247717,52,-7.520454870858359,-3.684514838675881,26.101732689839583,389
677,247728,247902,174,-17.218910110027096,-10.965092109038139,32.48919759667361,11
678,247932,247987,55,-4.44182266453997,-1.8766178244662512,22.903485892605193,30
679,248000,248112,112,-7.633432642327932,-5.828616426588695,37.36406018205837,13
680,248126,248171,45,-3.6591112421918695,-4.001308360625799,47.55774824659009,14
681,248194,248392,198,-17.00839549813478,-12.881579720744213,37.13904848481867,23
682,248757,248836,79,-10.401185418847675,-6.857437922823252,33.396620420995774,365
683,248859,248940,81,-10.78907738901438,-5.69619507679333,27.83223587769986,23
684,248959,249081,122,-15.951411740412368,-4.650190561877238,16.25257575374723,19
685,249099,249197,98,-10.208488344604703,-5.007548175289159,26.1292384563866,18
686,249218,249408,190,-20.44216581461209,-8.97220808792136,23.697002910125583,21
687,249444,249499,55,-6.212292653783322,-0.7124922198269985,6.542705754985572,36
688,249512,249581,69,-6.1768400994860855,-3.0360792640857994,26.175329703869785,13
689,249601,249701,100,-13.99130603871643,-7.339263920458578,27.679656237188148,20
690,249841,249983,142,-19.115195513722696,-8.71563308140729,24.510762235841757,140
691,250001,250074,73,-10.298683889820836,-1.0921870741590425,6.053655050531799,18
692,250104,250192,88,-11.103873624121135,-3.9778736343720595,19.709655648261393,30
693,250216,250309,93,-11.162493353213165,-5.222514453555476,25.073141130637644,24
694,250326,250457,131,-13.351154760864773,-6.351287406008609,25.4409337132427,17
695,250484,250625,141,-13.865653120910736,-7.0764139844059315,27.037748996651924,27
696,250653,250857,204,-16.577793337334086,-8.06037195121364,25.92971643769768,28
697,250875,251047,172,-11.705328848985872,-7.196448223788593,31.583243323331978,18
698,251069,251178,109,-7.512465170204067,-3.2931129204746554,23.670394563639682,22
699,251205,251392,187,-13.995048157667483,-5.563168344789133,21.678304146181862,27
700,251415,251551,136,-9.641119370552289,-4.7480738544534375,26.219397596405436,23
701,251576,251828,252,-13.783015236591496,-7.222035028449355,27.653674325370048,25
702,251865,252048,183,-9.273801420771889,-5.041308106138729,28.528835183570585,37
703,252081,252273,192,-8.731585884027481,-4.876311294568069,29.181960828570283,33
704,252300,252452,152,-8.394641890606792,-2.7221449002844196,17.966412153217888,27
705,252537,252720,183,-13.384070150018928,-3.7265339660386587,15.558826893416148,85
706,252812,252968,156,-15.725866222061796,-7.309922328944296,24.93062204692085,92
707,252996,253068,72,-8.316209088462202,-2.2010887358253513,14.82480125258885,28
708,253697,253791,94,-3.5097747157436316,-9.087498496143581,68.88243627136356,629
709,253809,253887,78,-12.505096032738123,-4.047081787238753,17.93337551653143,18
710,253911,253957,46,-7.125803688707123,-0.9475701922962969,7.574599999036318,24
711,253968,254018,50,-8.227941429574926,-0.7719054736521542,5.359524726384464,11
712,254036,254130,94,-10.495148251842465,-4.016145574487766,20.940192936651897,18
713,254153,254219,66,-8.694671677758677,-4.732260565474647,28.558185618266585,23
714,254306,254369,63,-11.957111608628423,-2.740068692776589,12.906941030375814,87
715,254384,254460,76,-11.74909467921664,-2.376712510270039,11.435982107381472,15
716,254478,254533,55,-8.782946686623148,1.3001130349317123,-8.420175331365702,18
717,254544,254647,103,-11.194681883961024,-4.983140558775645,23.995502309826605,11
718,254664,254750,86,-8.345184567628536,-5.873636892516586,35.1392419615542,17
719,254795,254836,41,-14.458527805247499,-3.5272778950998855,13.709981972248663,45
720,254865,254915,50,-8.702121253006126,-3.9848123597926417,24.60364781187441,29
721,254937,255016,79,-14.53971825269474,-3.2045933823076496,12.429425333047064,22
722,255043,255160,117,-16.480079129975493,-2.7771062820847447,9.565214916996984,27
723,255182,255284,102,-19.005872022970266,-0.9514487004643541,2.8658787353652038,22
724,255302,255455,153,-15.156653731719672,-6.038150135956741,21.721486696094537,18
725,255473,255537,64,-7.593490516025568,-2.205085190051477,16.192848636826454,18
726,255556,255617,61,-7.351136654468206,-3.9627780072410843,28.327779818528025,19
727,255636,255679,43,-5.695853173320373,-2.418840360074327,23.009325140747652,19
728,255707,255796,89,-10.812484512613793,-3.3963501748105642,17.43822145201871,28
729,255819,255878,59,-10.674133992997511,-0.7543968177090647,4.04267000134605,23
730,255895,255984,89,-11.79035104269677,-2.7436229535017276,13.099641899229043,17
731,256007,256099,92,-12.09974687971743,-4.710493265000196,21.271217394927692,23
732,256118,256214,96,-12.67850430564961,-5.101204296933659,21.917420155232815,19
733,256237,256308,71,-10.039219460892696,-1.1873972518648657,6.74536966094983,23
734,256332,256433,101,-12.039444063998275,-9.284167866432085,37.63746556047548,24
735,256574,256673,99,-14.434875458074657,-6.134582876521463,23.024687836498877,141
736,256699,256766,67,-12.584449782423775,-3.253614253005125,14.49596395570853,26
737,256788,256867,79,-11.12028570843168,-3.637542755076282,18.11337356054333,22
738,256885,256997,112,-15.741785202095585,-6.541620090552399,22.56570392518703,18
739,257018,257173,155,-22.315075824778162,-4.387825076006038,11.124181325861015,21
740,257191,257312,121,-16.098718345716307,-5.0329109148561315,17.36070835424772,18
741,257346,257420,74,-7.838327655893494,-4.9937017672195765,32.50070880031758,34
742,257444,257496,52,-6.628551114827445,-3.6458672701064785,28.81188312706047,24
743,257513,257584,71,-7.677373085857681,-4.271262058863471,29.089121867974832,17
744,257609,257692,83,-9.439584703395582,-5.398314104042754,29.764395842471334,25
745,257713,257756,43,-4.133163787401756,-4.123885607026239,44.93561860563666,21
746,257777,257907,130,-14.678452211484057,-7.132912930651244,25.91717890808224,21
747,257926,257982,56,-6.2681376887883715,-3.925366225139726,32.05649496601607,19
748,257999,258104,105,-12.71019474887565,-5.18210327776103,22.181328612504668,17
749,258116,258158,42,-5.504445034212054,-2.330139710506913,22.9438949450088,12
750,258182,258260,78,-12.333330855046398,-4.478844476690725,19.958471610501114,24
751,258281,258351,70,-11.687951645345478,-3.100886146661736,14.858619102175398,21
752,258370,258464,94,-12.048445775364755,-3.4480884801105987,15.970344969607495,19
753,258475,258557,82,-10.949865331818515,-5.5225876190211665,26.76418946025296,11
754,258755,258814,59,-9.19213156192518,-2.7402374238472618,16.59967937243396,198
755,258834,258927,93,-15.267957192894926,-4.462191937494168,16.29145655234237,20
756,258947,259057,110,-16.51414332418389,-4.326402395034691,14.680515244457803,20
757,259240,259369,129,-16.461480786766202,-2.7819731412739515,9.592291784893094,183
758,259393,259474,81,-10.109870067413638,-4.186835092667877,22.4960806509092,24
759,259503,259668,165,-14.853855156814163,-7.181426124166563,25.802476176820317,29
760,259693,259824,131,-14.582497047192035,-8.410447227421088,29.97417520375114,25
761,259854,259969,115,-9.913805466746808,-6.648120571185089,33.845496769237045,30
762,259994,260140,146,-11.893847985530257,-2.8599423427642705,13.520412937028452,25
763,260168,260282,114,-12.020664256436945,-4.902819582851308,22.188874530646117,28
764,260305,260499,194,-13.90679349922938,-7.888776951986884,29.564537113250424,23
765,260522,260753,231,-10.915946467428228,-4.517033915582132,22.479840192374663,23
766,261737,261772,35,-1.727719799475281,0.3197949011523633,-10.486564551290007,984
767,261791,261828,37,-5.468466996228486,-0.44836177428962287,4.687219251287728,19
768,261846,261926,80,-6.533846158174185,-3.4749401316757655,28.00569098124557,18
769,262059,262139,80,-10.184965173721508,-1.6639430029510436,9.278582765687917,133
770,262151,262288,137,-10.046011821153328,-8.010120388129991,38.56687282133092,12
771,262562,262601,39,-3.333781406300062,-0.7275214626827022,12.310492593933532,274
772,262632,262704,72,-8.492962390083335,-2.7901015523736703,18.186346851691553,31
773,262716,262783,67,-9.717616103381701,-0.4324495687025376,2.5480732991865667,12
774,262795,262942,147,-13.196878147727489,-3.3796259179356127,14.364328255393962,12
775,262964,263025,61,-8.125473832154839,-2.1321650947568003,14.70321245008353,22
776,263049,263157,108,-12.810791516078027,-5.57346498010142,23.511938514453174,24
777,263173,263246,73,-10.086681393704296,-5.57091346841591,28.91204156956473,16
778,263261,263325,64,-7.483503034687345,-4.437137081740843,30.66465415997204,15
779,263341,263411,70,-7.553687748458444,-3.9729548890885837,27.742677659687075,16
780,263430,263488,58,-5.606247603222712,-4.705333762915629,40.00679710290368,19
781,263502,263575,73,-7.555697997153615,-4.485804172699318,30.697527450289407,14
782,263590,263651,61,-8.64995797700412,-2.8519446900643004,18.24770775025227,15
783,263675,263763,88,-10.805013561781465,-4.616519568411917,23.13494372870831,24
784,263907,264012,105,-13.572419138287216,-8.554310243365379,32.222066157474075,144
785,264045,264127,82,-12.845739353115206,-5.829793540455242,24.410015455006796,33
786,264141,264192,51,-9.978405952210267,-2.1261961550829795,12.02867713023942,14
787,264211,264336,125,-19.729693401334288,-7.349057346334121,20.429715993486635,19
788,264362,264424,62,-6.72511237719884,-2.714996043403346,21.984429222104314,26
789,264447,264619,172,-16.262010441157983,-9.271589603283147,29.689106340277824,23
790,264647,264745,98,-13.64334794470156,-4.120858931615487,16.806501524841394,28
791,264761,264794,33,-4.5930728482447165,0.03470186772592854,-0.43287637654138106,16
792,264816,264919,103,-14.340911362802373,-5.181990625362602,19.86697658149776,22
793,264948,265042,94,-12.658364802693157,-5.071197351291119,21.832039196819693,29
794,265055,265123,68,-11.38338411416494,-3.76710298125127,18.31092735874346,13
795,265144,265230,86,-12.934236052916617,-3.78468981996825,16.31001591997332,21
796,265357,265435,78,-13.481487468908824,-6.960549089859768,27.30749846905006,127
797,265454,265544,90,-14.957632065541219,-5.31989592505731,19.57865760428576,19
798,265577,265656,79,-11.860480301071803,-4.0760999648001786,18.96634601970665,33
799,265677,265768,91,-12.948953306267121,-5.981021700391366,24.791851098087736,21
800,265789,265866,77,-12.19991406590492,-4.055212214479013,18.386641028631704,21
801,265890,265971,81,-10.449757194102915,-4.956468162889223,25.375649391659064,24
802,265991,266055,64,-10.267045117602535,-3.295095846359459,17.793464901249784,20
803,266080,266173,93,-14.056354052087073,-5.496705496147996,21.35787095941834,25
804,266195,266300,105,-14.04609523413859,-6.2724981224437215,24.063879171423995,22
805,266320,266382,62,-11.692896699452376,-1.3778587863193934,6.720584930046716,20
806,266587,266651,64,-11.251647903373197,-4.898518938943198,23.52638886710684,205
807,266674,266727,53,-7.210048818434089,-3.525470993904335,26.057075574862395,23
808,266748,266829,81,-13.118412671035173,-5.747008353292983,23.6576094268804,21
809,266870,266918,48,-10.687109663397635,-4.908860933877804,24.67052071823795,41
810,267772,267830,58,-6.1701070108033065,-3.2950822482512905,28.1039879956906,854
811,267851,268217,366,-30.85816492062753,-16.525669206738982,28.170668249260927,21
812,268256,268409,153,-7.55804012786507,-5.756237592779058,37.293062752728005,39
813,268429,268570,141,-8.59592152185229,-3.5766544930047104,22.591578476489413,20
814,268603,268866,263,-16.627391445556896,-9.724897150275766,30.322173607761624,33
815,268889,269105,216,-11.830116771785953,-4.722572705872338,21.761842861911198,23
816,269126,269413,287,-19.922029607902573,-7.797584469473421,21.375629430645514,21
817,269447,269491,44,-1.8106149989391866,0.6856598933779594,-20.741123155071108,34
818,269510,269579,69,-5.392869876172199,-3.312881650257239,31.562727644721388,19
819,269709,269763,54,-6.9625229593233655,1.7756665370194895,-14.307276305269355,130
