,start,end,length,delta_x,delta_y,angle,interval
0,712,2413,1701,-9.586498637638385,-4.402301380489746,24.665481667273585,712
1,4087,4335,248,-4.406198510628627,-1.8325019458318366,22.582026784011898,1674
2,4354,5570,1216,-12.11493257265171,-5.146071884164641,23.014377153581947,19
3,5600,6118,518,0.9751869197212812,-4.167198563794713,-76.82894396462551,30
4,6153,6321,168,-2.959469606762795,-2.282892978768757,37.64608606970812,35
5,6362,10903,4541,-19.208692515345078,-13.647236276139623,35.392723973730426,41
6,10975,11153,178,-2.3513291651884174,-2.735162535071751,49.31543617562777,72
7,11203,11573,370,-2.8965537835907043,-4.952206599160164,59.676564579660166,50
8,11928,12563,635,-5.232064429253597,-1.103484157286644,11.90959628316822,355
9,12613,13050,437,-3.928174570589235,-2.7527535986267537,35.021684303952625,50
10,13097,14214,1117,-12.188205048063892,-7.785914218302338,32.57073686664623,47
11,14289,15829,1540,-2.001432306617815,-3.495973986730533,60.20902070759033,75
12,15888,16080,192,-2.215145699579608,-3.67681230547619,58.93256525718501,59
13,16101,20844,4743,-10.358803909595508,-10.691407966417202,45.90522713841856,21
14,20905,21101,196,0.19769484058092246,-3.2696812621586417,-86.53993579486779,61
15,21143,25057,3914,-5.438592537610248,-11.086320422486153,63.868915080107456,42
16,25142,27117,1975,-4.5760221497409646,-6.103061132771401,53.137755949289364,85
17,27195,30191,2996,-5.160873481501554,-9.276071177087616,60.91000554604877,78
18,30266,30438,172,-0.5561972757612921,-2.4239768240266812,77.07681385214823,75
19,30475,32583,2108,-6.8309691478159635,-6.322700398459332,42.78714425795912,37
20,32636,36880,4244,-3.657464636092385,-13.563356403066578,74.90870169760554,53
21,36925,41367,4442,-5.331734644124268,-5.091240187578009,43.67822065641767,45
22,41429,42213,784,0.04583976810782531,-2.4742356598874977,-88.93861168946417,62
23,42269,46687,4418,-2.5929694837244455,-9.03483496132884,73.98668588313893,56
24,46759,49816,3057,-1.8922771916808188,-6.23975070021902,73.12946079620347,72
25,49910,51193,1283,0.13304405477298076,-4.25723020536104,-88.21001395193261,94
26,51284,51898,614,0.3332350477551955,-3.1111228739847547,-83.88630891333538,91
27,51958,56521,4563,-1.0073769924407259,-8.83498046630885,83.49514657184454,60
28,56586,57714,1128,-0.25894348298551506,-3.4066650918431947,85.65325799675189,65
29,57758,60753,2995,-1.6368362910852028,-6.760629585056321,76.38984951842001,44
30,60808,65269,4461,-4.083720108318644,-4.911838536135718,50.25974359956426,55
31,65327,67371,2044,0.2266238787918411,-4.216792083911216,-86.9237012669153,58
32,67431,71181,3750,0.10019636072235016,-4.598646386015588,-88.75182392233549,60
33,71238,72459,1221,0.1327792147804132,-3.7886301655597947,-87.99279005969898,57
34,72495,74884,2389,-0.12985256777584198,-6.2142963914653535,88.80293422528581,36
35,74929,75159,230,-0.732236923465905,-2.5171178624931088,73.78013255181287,45
36,75178,75244,66,0.8759290071323846,-1.7692286524129344,-63.66040691518472,19
37,75256,75411,155,1.3148799153409954,-3.4249998467961404,-68.99787635339548,12
38,75443,77948,2505,-0.06422080555330467,-3.1588700069040243,88.83531950261002,32
39,81303,87609,6306,-3.0722315048179922,-8.518067857720908,70.16702817377491,3355
40,87688,88795,1107,1.2578409876352907,-3.8101423443418696,-71.73041103358655,79
41,88850,92179,3329,-0.9796722127207005,-6.186972524044577,81.0022401767381,55
42,92235,96485,4250,-1.9903079707198827,-5.486548266664428,70.06118246654782,56
43,96548,97795,1247,-0.7736993299157575,-3.0463585546359297,75.74959685344484,63
44,97859,102599,4740,-1.3395908925121063,-6.035727712897881,77.48640803815154,64
45,102651,104320,1669,-0.45778391265235996,-3.590692754600539,82.73445339049343,52
46,104384,108979,4595,-0.2281542528802163,-5.658754270755978,87.69115275476933,64
47,109079,109815,736,0.7676348735461147,-2.7529130051490114,-74.41915976580964,100
48,109872,114970,5098,-1.662780456217675,-7.095096310848518,76.8104054171408,57
49,115033,117703,2670,-0.9349247014509672,-4.8566601513096685,79.10364739065902,63
50,117761,121354,3593,-0.6019930632738806,-4.50538384796036,82.38942332865027,58
51,121401,126846,5445,0.05105926665369509,-7.72155675922798,-89.62113367332404,47
52,126930,130442,3512,-1.0339371948685283,-3.685325721247409,74.32826126165905,84
53,130491,136580,6089,-0.10304226673194705,-8.06740203094563,89.26821968851631,49
54,136642,137629,987,0.04373063893180529,-2.4960408546410235,-88.99628055939993,62
55,137679,143279,5600,-0.5108934666310603,-4.909873886406274,84.05950632082552,50
56,143341,144159,818,-1.061352692014495,-0.6671181747267241,32.15160624139548,62
57,144194,151087,6893,-0.06129175242871554,-7.696506120695446,89.54373004530784,35
58,151151,154717,3566,-1.0836178878082592,-3.275122984679058,71.69251740337563,64
59,154778,155779,1001,-0.2484995974302251,-2.648128294182044,84.63907964319189,61
60,155909,158292,2383,-0.23661600296220797,-4.852952261593003,87.20863301381182,130
61,158422,164028,5606,-1.8205795888480338,-4.422892551630184,67.62663805400396,130
62,164078,169070,4992,-1.791961216902152,-2.8895226514355556,58.19453953635815,50
63,169119,170914,1795,-1.2862588245956772,-9.11679233042382,81.9693281267971,49
64,170975,171108,133,0.042312753053835195,-0.639466969504042,-86.21432634000514,61
65,174637,174785,148,1.181562266667143,-2.2178160904196744,-61.953122934411944,3529
66,174818,174963,145,-2.3332239289319716,-2.1611893965258417,42.807935720649,33
67,174991,175310,319,-4.982299353787994,-6.825333771768285,53.871619908421806,28
68,175346,175457,111,-2.8956196087852817,-0.5923177969565643,11.560737940816182,36
69,175479,175603,124,-4.396389179119723,-3.3936924658467973,37.665527596736766,22
70,175627,175817,190,-4.86815216533968,-3.1523560800620487,32.92494392388293,24
71,179380,181970,2590,-6.068742082291905,-6.686904910413389,47.77449140688272,3563
72,182029,182684,655,-0.10730198667940272,-4.321984914250365,88.57780894668664,59
73,184970,186129,1159,-7.03882264519315,-5.270724495225721,36.82615128956685,2286
74,186185,194582,8397,-6.764940446677642,-11.315566859333089,59.12717286704135,56
75,194704,199786,5082,-2.8153239195461595,-4.953014829776123,60.385835195816995,122
76,199882,200716,834,-0.37103008586898056,-2.993393452859806,82.93424577315957,96
77,200808,205078,4270,-1.2222298790321844,-7.964784582413785,81.27577545002262,92
78,205140,206972,1832,1.502233325306932,-6.308290919792185,-76.60527352013767,62
79,207016,211356,4340,0.6740412392824879,-6.611031914527516,-84.178408628163,44
80,211448,214236,2788,0.5693914045870656,-4.278467449654286,-82.41944801127066,92
81,214285,218159,3874,-1.3746332278823985,-5.685354206370789,76.40760440833053,49
82,218220,219163,943,-1.1888918796173726,-2.8253794064542745,67.17912044442537,61
83,219219,226495,7276,-4.355557578339756,-7.9611559044214175,61.31687992664321,56
84,226671,232213,5542,-4.184866526257025,-2.4751206396906156,30.602003044968352,176
85,232305,234377,2072,-1.7153329136312863,-3.8949810944911576,66.23151383776656,92
86,234496,238733,4237,-1.9861101041488638,-4.480839301212356,66.09491868221853,119
87,238849,244261,5412,-2.2933370698931412,-5.220892581156818,66.28596533651087,116
88,244381,246027,1646,-0.8284244909347365,-3.3462238500038097,76.09487246903304,120
89,246111,249414,3303,-1.4214010365746645,-4.8029588562114895,73.51426025592966,84
90,249530,252338,2808,-1.6163928461072032,-4.445622475843692,70.0191376031199,116
91,252401,253619,1218,-0.05096663111550015,-4.686999614186021,89.37698783677408,63
92,253674,256720,3046,0.21818519359700872,-6.442812813074568,-88.06042554502213,55
93,256832,264264,7432,-1.486423578049994,-7.416574543892352,78.66697744700296,112
94,264353,265463,1110,-1.1779110590299382,-4.307146926844723,74.70483927753821,89
95,265518,265639,121,0.38393502012787906,-2.2725555686826624,-80.41076019513233,55
0,97,212,115,-4.818794208114895,-2.307050549537337,25.583279905614333,97
1,239,383,144,-8.406151947762169,-8.04120817617293,43.72889587113088,27
2,409,543,134,-2.8211620496661283,-3.362884636218425,50.00633148300489,26
3,655,779,124,-6.391682384907142,-6.598418595349443,45.91177985767854,112
4,800,876,76,-1.7951462695426699,-0.5512687701578471,17.071119883011008,21
5,1043,1723,680,-30.115918261464557,-3.1766880275200577,6.021408380636316,167
6,1764,3779,2015,-35.162853007252366,-13.22819448041676,20.61619863383086,41
7,3851,3961,110,-1.6055282876921808,-0.07038325835242176,2.5101291363918024,72
8,3980,4133,153,-1.3755209056044748,-4.5619692381471,73.22093725882475,19
9,4160,4270,110,-2.30463588280395,-5.866106405077787,68.55146762563301,27
10,4284,4427,143,-2.0807485599850537,-6.156362725364033,71.32559904687665,14
11,4448,4545,97,-2.151095749877072,-4.416012935513862,64.02870118788542,21
12,4884,4948,64,-3.659295120113171,-6.414126782102301,60.29500058602579,339
13,5072,5186,114,-2.7373269354060596,-4.409494976318612,58.16881076747812,124
14,5420,5566,146,-4.5076526684557905,-1.3475282420008483,16.643632296183032,234
15,5958,6108,150,-3.9942498538864157,-6.583022319930848,58.75271092579622,392
16,6523,6687,164,-1.6386863987439995,-4.246736524386932,68.89991598747575,415
17,6724,9591,2867,-30.88063287785897,-17.325099668010154,29.293927537296863,37
18,9654,12815,3161,-15.8950033782166,-9.894753771155834,31.90256040605462,63
19,12885,15803,2918,-11.76398850367471,-10.22643133328188,41.00042206328498,70
20,15850,16005,155,0.33386903827249625,-1.8385376141563654,-79.70753822433088,47
21,16049,16174,125,-2.009503959627807,-4.2005575067565815,64.43402206589845,44
22,16201,16298,97,-3.230862608152364,-4.318635626821219,53.199060992292196,27
23,16327,16398,71,-2.504142930001109,-3.3985638200538943,53.616325521319,29
24,16409,16524,115,-2.366641182796272,-7.354655456838586,72.16243846483904,11
25,16547,16703,156,2.6082870236654543,-2.569818140983429,-44.57434930312212,23
26,16728,16915,187,-0.8494696920774771,-4.788737995034424,79.94099346700375,25
27,17075,17290,215,-0.05344666850771773,-4.059301088635777,89.24566039032005,160
28,18205,18404,199,-0.9001821011933799,-4.8009111897898435,79.38021498639839,915
29,18564,18785,221,-0.7709062480962388,-4.841104632945999,80.95208502156959,160
30,18913,19172,259,-2.5031426634374014,-4.682425789316042,61.87182194475832,128
31,19208,19417,209,-0.8248211777376468,-4.912508737516163,80.46881230540511,36
32,19724,19936,212,-1.013152925722551,-5.005713471613035,78.55794600271088,307
33,19955,20211,256,-2.3374704653137997,-4.793776618273483,64.00589594697504,19
34,20250,20439,189,-2.479387018112675,-4.545517118671768,61.389403899495065,39
35,20465,20694,229,1.3759291148032418,-5.736190978435474,-76.51141375260978,26
36,20722,20954,232,-4.242227959928769,-2.7969296166321556,33.39713510609684,28
37,21014,21201,187,-2.7902780516712085,-4.405026386166881,57.64858336448801,60
38,21406,21479,73,-1.533511295620741,-4.806800942209122,72.30578308765388,205
39,21858,22169,311,-2.715192136370746,-6.8745739776774855,68.44788764844209,379
40,22205,22538,333,-1.7366390615983818,-9.880785146762946,80.03155260626528,36
41,22608,23021,413,-4.525894790380676,-6.265234663647348,54.15631881613727,70
42,23089,24504,1415,-15.725642129483589,-9.891029584523338,32.16885038131155,68
43,24570,27314,2744,-12.09772531675695,-10.49044495490007,40.929930225730935,66
44,27372,28996,1624,-8.054881594014859,-5.796973980160175,35.741982863938595,58
45,29063,29342,279,-4.89933550888145,-2.480236212575363,26.850325612590083,67
46,29370,36009,6639,-17.824008008722373,-13.998222334256297,38.14459286600973,28
47,36145,36281,136,1.1758829820326469,-2.154232425325276,-61.37217889642703,136
48,36314,36406,92,-0.5516889584940827,-2.2553680664263993,76.25470032243318,33
49,36422,36517,95,0.7628920423361478,-3.218470378904513,-76.66497186804409,16
50,36539,36627,88,-3.157774478730232,-4.747166712477906,56.368490648355625,22
51,36651,36836,185,-3.4854235779043563,-4.14760845788625,49.95814066498593,24
52,43489,47318,3829,-3.704183823388007,-7.780107741975954,64.54043335440934,6653
53,47370,47539,169,-2.1227098120741914,-3.048948781635815,55.15396342539982,52
54,47571,47680,109,-2.2924391100636115,-1.8570244830104627,39.009718184554394,32
55,47746,47842,96,-2.71367347883654,-2.1152179168059178,37.935225743349996,66
56,47868,48130,262,-4.884408134022664,-6.655585118513429,53.725758421578,26
57,48162,48380,218,-4.218338769207946,-6.392531854325924,56.579760765468826,32
58,52193,57275,5082,-2.7778606106250265,-9.001708653671187,72.85016163230145,3813
59,57350,60848,3498,-2.34060862024171,-6.3010993395601105,69.62196433173166,75
60,60888,64740,3852,-3.7688592327929484,-4.706307167309305,51.311894088605364,40
61,64816,65122,306,-0.6948687231804911,-5.391608083078623,82.65621973271011,76
62,65203,66433,1230,-1.6019583592299114,-4.581061972951332,70.72570288523053,81
63,66483,66966,483,-0.2090246763908965,-2.3576616483568387,84.93353912094966,50
64,71226,71472,246,0.7569789421986002,-2.8943218824187227,-75.3432034916908,4260
65,71503,71546,43,-0.04762791353232387,-2.5359331232203033,88.9240419555598,31
66,71568,79539,7971,-11.29785246366501,-12.81417818427849,48.59840315871098,22
67,79603,79711,108,0.30273806051377505,-2.5217632746815895,-83.15439398501705,64
68,79736,79836,100,-0.3862189163992582,-3.393985190059283,83.50794695263501,25
69,79853,79957,104,2.2774186780373498,-3.945562356695703,-60.006021126846285,17
70,80283,81511,1228,-3.4531192714266012,-3.761538254478239,47.447843614237605,326
71,81548,86219,4671,-14.185766332033666,-9.812136674749652,34.67117837036924,37
72,86370,90281,3911,-3.7762198818168997,-10.68263782652295,70.53194001080577,151
73,90332,90479,147,-1.454487370123104,-3.634577591698715,68.1896716774651,51
74,90512,90578,66,-2.322199084974727,-4.026977518579585,60.02964719831182,33
75,90934,91277,343,-4.087496690755074,-5.3067817360903575,52.39508954719184,356
76,92568,96809,4241,-4.220085655612422,-9.31722825580674,65.63263077151466,1291
77,96857,97435,578,-1.5557903430220676,-2.9709171653647957,62.360144329988294,48
78,99802,102216,2414,-1.5716697067035739,-9.201681928215862,80.3072757020287,2367
79,102496,102665,169,-1.3393700515933347,-5.202836293650478,75.56375592324736,280
80,102690,102764,74,-1.0741719125556983,-1.8837513751538069,60.306905973572654,25
81,107784,107936,152,-1.710114988402296,-4.956584547446255,70.96460165997408,5020
82,107962,108115,153,-1.8246675322112367,-3.7421398224548597,64.00613530640229,26
83,108165,115002,6837,-14.27260887988271,-13.01024974634528,42.35085302366883,50
84,115046,115141,95,0.6047799484960024,-1.089768371826878,-60.971393352629434,44
85,115168,120272,5104,-12.141105341756798,-15.634685678325653,52.16889616012511,27
86,120322,123035,2713,-4.050218929859568,-7.6186087644546205,62.003911945032634,50
87,123071,126318,3247,-5.030754250693747,-8.222405578379039,58.54025243738044,36
88,126373,127284,911,-1.7337519616649217,-3.082164893694582,60.64176338209949,55
89,127335,127425,90,1.9047947669134828,-3.9270913913582604,-64.12477879572754,51
90,127450,127567,117,-1.3136433339045368,-4.186582119093401,72.57946504382565,25
91,127591,127773,182,-4.142819568670063,-3.2799526620289186,38.36936000699691,24
92,128723,131350,2627,-2.4870303795556197,-8.573715389680444,73.82381628848191,950
93,131399,133363,1964,-4.7455799882045255,-10.935311080529075,66.54067771597106,49
94,133415,135730,2315,-5.499901641693867,-9.014739323221903,58.61259083421273,52
95,135799,136126,327,-2.2048284555448845,-3.7363598139458816,59.45511645417695,69
96,136160,137203,1043,-1.8010482635049812,-5.743656475094113,72.59005027984557,34
97,137232,138685,1453,-4.484254927207019,-7.861120334449836,60.29806948554074,29
98,138731,140724,1993,-3.509123150173849,-7.307482422832479,64.34923496375136,46
99,140776,141033,257,1.5912502830971675,-5.025718967832347,-72.43109735142684,52
100,141077,141397,320,-1.0392915110269598,-1.7658936439973587,59.52166802098702,44
101,141432,141674,242,-2.5984644097193836,-5.5841340285381165,65.04603388008196,35
102,141758,146616,4858,-11.073582207529057,-10.353243122451786,43.07452338359927,84
103,146714,149306,2592,-4.203657844915199,-6.10043829862029,55.430255121775005,98
104,149388,153817,4429,-4.082025523683285,-7.133219670150439,60.21940648316295,82
105,153890,160987,7097,-2.9299212972723296,-11.336979126783916,75.50957333180925,73
106,161086,162745,1659,-1.465551436855634,-4.1387303617029545,70.50061323004805,99
107,162798,165036,2238,-1.6654911100271477,-8.521578988325729,78.94128803176248,53
108,165089,167570,2481,0.012788298970860978,-7.620913913273043,-89.90385472414735,53
109,167631,167720,89,0.19180667860979383,-2.815266440264324,-86.10240930824752,61
110,184413,185309,896,2.8186212887064244,-4.508115199638681,-57.985027925831474,16693
111,185401,191331,5930,-0.4688443925035699,-12.560234167372442,87.8622740212549,92
112,191518,193922,2404,-1.2405794460881907,-4.858793828756646,75.67687771021403,187
113,193985,198754,4769,-4.1574021096674585,-7.670370020009003,61.541951857808705,63
0,140,247,107,-5.057638415366483,-3.218053669050562,32.46761605253643,140
1,269,330,61,-3.475835446088581,-4.458178546044522,52.0581070081294,22
2,352,446,94,-4.452428279891066,-3.605300942355669,38.99841147051257,22
3,471,531,60,-2.386063300254193,-3.5200134162368215,55.86836989926908,25
4,547,658,111,-7.130327764493018,-5.158634316847127,35.8849058481136,16
5,683,775,92,-6.892431665745363,-5.463579686572459,38.40360262249286,25
6,1007,1160,153,-9.793897791797576,-3.6069468257649078,20.218001579006778,232
7,1185,1350,165,-11.70117608862222,-3.379521532693687,16.109720266164686,25
8,3388,4905,1517,-23.270852133825855,-6.285971318094127,15.116095098006399,2038
9,4982,5923,941,-10.156597275824552,-5.0757368908543015,26.553488871437676,77
10,5975,6108,133,-4.11328953625042,-1.2164250372891416,16.47455364771826,52
11,6133,6254,121,-3.5052558949448667,-3.2173413509421636,42.54764226733102,25
12,6280,8160,1880,-24.505670430698956,-12.942094135872424,27.839721794578082,26
13,8202,12950,4748,-16.86163170387222,-15.495521857938655,42.582424204118524,42
14,12997,18301,5304,-7.50595468989431,-11.073788645032835,55.87008150468826,47
15,18372,26475,8103,-8.385445736912757,-9.200812305439541,47.654551735659155,71
16,26540,30916,4376,-4.312880872923856,-7.268812407635409,59.317627168184636,65
17,30974,33966,2992,-2.4235539412678264,-7.363433791923271,71.7818843428755,58
18,34059,37268,3209,-2.2041547437152644,-10.193815764174616,77.79906696082283,93
19,37345,41487,4142,-3.229309987668728,-8.25620944895634,68.63768734992625,77
20,41543,43642,2099,-4.068536426197525,-6.421834064557856,57.64380253388541,56
21,43734,47375,3641,-3.18282265014777,-7.736684545917527,67.63804674280028,92
22,47458,49946,2488,-2.7607268914436958,-5.531979456187358,63.47857198721297,83
23,50009,51321,1312,-1.934062070045698,-4.5153326738762445,66.81299366265428,63
24,51378,55078,3700,-2.2347707520280835,-9.007600590306708,76.06635019014765,57
25,55167,61467,6300,-2.23647720762969,-7.821562458490121,74.0427862557598,89
26,61537,63306,1769,-0.2034184205529641,-3.7070124270884435,86.85910420996782,70
27,63358,71012,7654,-5.525679962287015,-8.122539680540925,55.77294973872018,52
28,71090,72429,1339,0.34022030185074925,-5.633337260720083,-86.54387122382032,78
29,72514,72627,113,-1.8088489320060717,-0.3206475289831445,10.052174633259035,85
30,72690,83860,11170,-11.346816971979464,-12.673133507430677,48.16050811883834,63
31,83984,87633,3649,-1.6778879940943199,-6.946066932081862,76.41981390786509,124
32,87689,87980,291,-0.39810182789432247,-3.146905731226923,82.79005077684478,56
33,88022,90598,2576,-4.095443782898329,-7.423638964264114,61.11553076163235,42
34,91547,91746,199,0.5777440861378267,-2.4363691560702847,-76.65967554585,949
35,91768,92169,401,1.1822916617080779,-4.591435833789603,-75.56007075404777,22
36,92240,92423,183,-2.3762183297291983,-1.7853142623245475,36.918484794711546,71
37,92461,92690,229,-0.14172104950596065,-3.045954265370071,87.33608405263121,38
38,92903,93984,1081,0.0024806425620909067,-7.968069323117234,-89.98216251152785,213
39,94040,94521,481,-1.9590673647855397,-4.593526457971137,66.90250862090865,56
40,95814,99339,3525,-1.454673108890404,-13.793183224610274,83.9796588595635,1293
41,99411,99648,237,2.0207484464655607,-2.0729382997556343,-45.73041649797681,72
42,99689,99972,283,0.2532759532086999,-4.665301612227694,-86.89250284813342,41
43,100009,100218,209,-1.4032756791440875,-3.0745510066129924,65.4672635516958,37
44,100251,100475,224,-2.4956446998999837,-2.6204917441064737,46.39788870412766,33
45,100614,100757,143,-6.961396801166245,-1.4110197091427779,11.458165451176706,139
46,101003,101318,315,0.8453322509470382,-1.284671502719121,-56.65451085238117,246
47,101386,101769,383,-0.5737342711893945,-5.127736649544758,83.61581951586362,68
48,101805,102045,240,-1.4759553940910592,-5.05841562778636,73.73369745414858,36
49,102244,102602,358,0.27040574633240055,-3.898729195248862,-86.03246705157754,199
50,102614,103188,574,-0.964063332642894,-3.7069562029982848,75.42209613105301,12
51,104226,104518,292,-6.667341952043273,-4.556585753777199,34.34942907669264,1038
52,105181,105400,219,0.17662341140130877,-3.277112177449638,-86.91496844118203,663
53,105420,105636,216,0.3464959858173984,-4.535130470353849,-85.63093868946521,20
54,105658,105839,181,-0.2773868434508415,-4.3599718224255355,86.35967737927571,22
55,106059,106201,142,0.6102624886201795,-3.165949354677963,-79.08958705495772,220
56,106230,107284,1054,-7.051879660489632,-8.897402423288256,51.60045326365787,29
57,107854,109969,2115,-2.610491357709762,-5.00586448401296,62.45856168079069,570
58,110045,110387,342,2.379136755422067,-4.47052553607422,-61.97886034575981,76
59,110426,112463,2037,-5.053787204738285,-6.746821476073379,53.16451573341668,39
60,112518,117254,4736,0.14654228845100192,-10.14412891164487,-89.17236159652177,55
61,117342,121354,4012,-2.6117277023931535,-7.351458172789037,70.44157229285777,88
62,121435,126232,4797,-0.9255199591499945,-9.06325115137409,84.16928829710552,81
63,126323,129941,3618,-2.684491355101372,-7.9517936791942105,71.3455388752557,91
64,129986,130275,289,0.5649444507381816,-2.36376060604195,-76.55832436696977,45
65,130309,130657,348,-0.3084541035042605,-3.1472849774127667,84.40252237314988,34
66,130711,136669,5958,-7.847422521991902,-10.897564616785615,54.24204089988885,54
67,136751,141551,4800,-2.9190093065536615,-7.884131972885626,69.68350694799649,82
68,141646,143442,1796,-0.8215630773707829,-5.72385468891396,81.8319417323292,95
69,143529,147214,3685,-1.0941883132157812,-8.907262101428827,82.99674253450773,87
70,147323,154796,7473,-4.660181916418239,-9.264906699262099,63.29793052699882,109
71,154878,159440,4562,-3.6999451868470743,-5.08532629370292,53.96138242306252,82
72,159524,160466,942,-0.2682489898860041,-2.9363348834813507,84.7802305628759,84
73,160532,167042,6510,-1.6860110993498978,-9.42601887469192,79.85887404418106,66
74,167104,167836,732,0.9093752990061859,-4.351887300116644,-78.19724141334329,62
75,167893,170973,3080,-0.43313861212929794,-8.454184835050356,87.06709338647389,57
76,171027,172656,1629,0.5832343814715983,-4.2846103133094715,-82.24836528625272,54
77,172711,177677,4966,-1.4252892943152773,-6.977105803203173,78.45442035084434,55
78,177777,178449,672,0.015149744722009473,-3.4449344786726783,-89.7480327004772,100
79,179801,181100,1299,-0.08268496522224211,-2.0750775489597686,87.71816017683807,1352
80,181204,185051,3847,-1.8039437342421394,-6.606392978863397,74.72712204765836,104
81,185123,188805,3682,-0.6327880684824834,-4.851666429369004,82.56903313841536,72
82,188944,189994,1050,-0.629563423184976,-1.3226467981517658,64.5461328629274,139
83,190071,199908,9837,-1.535395307105503,-7.9889853216426445,79.12102969444234,77
84,199966,202962,2996,-0.0020365273716720367,-3.0100576593344215,89.96123515936858,58
85,203063,205758,2695,0.043997054966609994,-6.332446425793421,-89.6019224120737,101
86,205819,206977,1158,0.48613580485641705,-2.8790954661632355,-80.41599587580299,61
87,207103,210152,3049,-0.7960742787132489,-4.827314782109724,80.63561415248338,126
88,210206,213824,3618,-0.2451585126840996,-5.199472987570019,87.30046629070958,54
89,213881,218349,4468,-4.223799431493475,-4.155196969258228,44.53090518993899,57
90,218412,223699,5287,-2.1621529725789372,-4.667200567023059,65.1433383000814,63
91,223802,229420,5618,-2.0957597833669013,-3.8000268343408123,61.12274435554412,103
92,229528,234378,4850,-5.353408979679912,-9.73189632240414,61.18529199241071,108
93,236110,237958,1848,-0.3537646653026485,-0.22416116920761908,32.36018185119844,1732
94,238020,238211,191,0.34301465011287746,-2.0263084419481174,-80.39202187984618,62
95,238250,238604,354,-2.931889939629855,-2.7652220351711776,43.32430103342805,39
96,238626,239594,968,-1.7042757829253503,-3.8709909729981575,66.23761323116824,22
97,239651,241014,1363,-3.1998795165449394,-5.425615080117581,59.46905770371564,57
98,241108,243148,2040,-0.3429683349558985,-7.5829423414321155,87.41033834126195,94
99,243197,246584,3387,0.5686815980483146,-6.7827494972869715,-85.20739665675133,49
100,246647,248884,2237,0.998782034252045,-6.619772403264776,-81.4200080496302,63
101,248939,251386,2447,0.8913203796231954,-2.782647805194358,-72.23902263028727,55
102,251469,257620,6151,-0.7353914436803421,-7.029685219646709,84.02788004354348,83
103,257675,263160,5485,-0.13319437077234397,-5.055760997424031,88.49088782777618,55
104,263234,270481,7247,-0.22930175703859845,-9.760282088154895,88.65417756663639,74
0,308,525,217,-4.964711919830961,-7.126895813750906,55.13830130869427,308
1,723,1403,680,-7.220083951059237,-1.622241285911329,12.663179072350955,198
2,1445,1569,124,-1.9786033267356373,-1.6586129701265548,39.97225006548747,42
3,3965,4063,98,-3.9414684242080824,-0.8753074982626572,12.520850904744856,2396
4,4084,4275,191,-4.369548366622581,-6.309801025163594,55.29733021612714,21
5,4285,4426,141,-2.378518512600536,-3.375200514631217,54.82748007919906,10
6,4454,4714,260,-6.998710955804356,-2.2851623190446873,18.08247585855351,28
7,4980,5098,118,-2.62122563544672,-0.35020782963856334,7.609914359183795,266
8,5521,6399,878,-3.4719903840282456,-4.892636836060049,54.63912303289478,423
9,6434,9556,3122,-12.507433245718843,-9.797423918421984,38.07259604419132,35
10,9625,11345,1720,-8.555056446165707,-6.4617125606854415,37.06408547520797,69
11,11393,14225,2832,-9.02238487319805,-7.898110795551688,41.19859755578173,48
12,14324,16313,1989,-6.049156286401455,-6.917342689526777,48.83058533205585,99
13,16374,17187,813,-2.090168987163622,-3.8576904986587266,61.55033539503389,61
14,17218,17411,193,1.2110180619274757,-3.718417765339069,-71.96055399337318,31
15,17439,23384,5945,-12.796826961525682,-13.271088619615767,46.04228486650325,28
16,23447,23650,203,2.203130461296354,-3.4271430211304903,-57.26516303198416,63
17,23671,23808,137,0.5815453887892659,-5.113167915914701,-83.51135542265402,21
18,23834,24141,307,-6.183227176162816,-4.99015728097676,38.9051736258788,26
19,24785,25149,364,-1.2268050927961411,-3.596198747657823,71.16346885558434,644
20,25188,25709,521,-2.9155851190993616,-4.975971473620817,59.63256158900717,39
21,25749,26051,302,-6.107324057118134,-3.293044896700451,28.33337002692511,40
22,26088,30102,4014,-14.102444133181223,-13.012480719037512,42.69806853123531,37
23,30174,36218,6044,-2.887316375342124,-13.161730548458905,77.62690154976075,72
24,36273,37289,1016,-2.3669364448238213,-3.0633507601744867,52.30808110662722,55
25,37348,37731,383,-3.086879470622506,-0.298832886271839,5.5294271162238235,59
26,37771,38091,320,-0.49312491112739565,-2.5236353278602763,78.94357025515977,40
27,38129,38451,322,-1.9322532418840268,-5.314716487816227,70.02042543561808,38
28,38558,38732,174,-1.8717013408235061,-3.065932466029622,58.59662126785356,107
29,39085,39584,499,-0.6632004249399017,-0.47091477579326124,35.377191406872,353
30,39623,39997,374,-0.9012175120781052,-4.189377844021166,77.8595672256475,39
31,42125,42410,285,-1.024250659187743,-3.1604476032405984,72.04331759264079,2128
32,42707,43015,308,-1.6791615909882012,-1.117213599253219,33.637416681685146,297
33,43049,43395,346,-3.504477015442234,-2.00854982402646,29.818671697980037,34
34,50915,56192,5277,-2.872694143848207,-6.30868351020851,65.51758898381296,7520
35,56232,56543,311,0.43998383168518274,-2.4718034740563155,-79.90699695908671,40
36,56592,56755,163,-3.4567120055034053,-0.8342339250714019,13.568165864543534,49
37,56804,57228,424,1.4337804970030277,-5.073233139323563,-74.2188210664074,49
38,59948,60091,143,-0.34708839228204624,-2.2517435570424453,81.2372762597549,2720
39,60160,60303,143,-0.9420790790513394,-3.963659702376205,76.63006807561118,69
40,60339,64522,4183,-7.586014892167881,-7.0960417551032435,43.0886207823974,36
41,66483,74206,7723,-2.8417431917595337,-9.71201495356614,73.69048273835696,1961
42,74273,76556,2283,1.6382245435415257,-6.503831615141095,-75.86209494811574,67
43,76634,79254,2620,2.412608556210202,-6.979139523403475,-70.93031880941511,78
44,79347,81245,1898,1.3990346200201316,-6.799228792301264,-78.3728868357742,93
45,81359,87298,5939,2.892217312947409,-8.038013852299088,-70.21038562961216,114
46,87467,93452,5985,0.5847069326512297,-7.541995608820315,-85.56690781378258,169
47,93607,98799,5192,0.03118764265242646,-7.194310247225815,-89.7516219009129,155
48,98858,103258,4400,0.7530543579398881,-5.624348027707967,-82.37391729578978,59
49,103319,104497,1178,-0.5023205454500186,-1.8909510824341567,75.12328029659199,61
50,104613,106453,1840,3.3753295361904065,-5.943181069944671,-60.406321044886575,116
51,106517,109924,3407,0.869857386609894,-7.311896024161882,-83.21571099906934,64
52,110001,117150,7149,-0.12705776045899597,-6.69480951990262,88.91273985294055,77
53,117231,126143,8912,-2.841519584903452,-8.213148447000336,70.91581150475527,81
54,126242,134070,7828,-2.619919264616641,-6.981771868334661,69.43133042281421,99
55,134160,137751,3591,0.9763740030890347,-5.025440166226346,-79.00519220954767,90
56,137815,140598,2783,0.44687519139080223,-4.70207006709262,-84.57103147804793,64
57,140659,149202,8543,0.4143903813418035,-9.777690918578969,-87.57318777381138,61
58,149298,154279,4981,-0.6284892024494013,-3.5994876732086567,80.09570514095648,96
59,154358,156886,2528,1.0874761367747254,-2.7449034446355114,-68.3875143906064,79
60,156951,158975,2024,1.3508373207614426,-7.5003082765106655,-79.79024131629289,65
61,159047,159202,155,0.18803360935183377,-1.6585043403674433,-83.53168767738917,72
62,159250,159467,217,-1.9322800960678705,-1.5458163097303697,38.65966782089073,48
63,159521,159750,229,-1.966340011004874,-1.1480518822424557,30.27861199538332,54
64,159806,161799,1993,-0.5489646229807761,-2.180920207951303,75.87145278893183,56
65,163529,163869,340,-1.03668122789621,0.2075864153679845,-11.323226568431926,1730
66,163916,165320,1404,-5.620674514016002,-5.032494227338276,41.83980719095224,47
67,165398,166359,961,-6.953382444443193,-2.609646055173158,20.571413942255266,78
68,166433,167612,1179,-2.298989284266028,-3.514732571518607,56.81127003889785,74
69,167678,170966,3288,-1.5949656241956234,-8.37482049481467,79.21727524068899,66
70,171042,173722,2680,-1.608814342550616,-4.011545929161542,68.1469454746761,76
71,173818,179930,6112,-0.34362601005824445,-8.705134016600283,87.73948298156554,96
72,180037,184771,4734,0.921298235556975,-8.051348024724419,-83.47216106172868,107
73,203266,210982,7716,0.747778438095807,-6.194464136384042,-83.11672017327435,18495
74,211067,213198,2131,2.133361459843826,-3.137766669525192,-55.78829213630996,85
75,216537,216826,289,-0.9182361288116994,-2.1085523819409246,66.46775250302302,3339
76,216868,216961,93,-1.7144034835076667,-1.3375287865848975,37.96034070769714,42
77,216998,218820,1822,-5.530385920965159,-6.717458115633022,50.53586829557933,37
78,218880,220818,1938,0.28622246449903344,-9.791023908211429,-88.32554079474609,60
79,224579,224803,224,-1.9406581172047765,-2.878264353100832,56.010340563506844,3761
80,226173,226398,225,-0.5168962262220163,-3.2027199998882026,80.83192555114287,1370
81,226432,226845,413,-4.486729475006882,-1.359761171809609,16.860108471907946,34
82,226884,231479,4595,-11.520315663903915,-9.471966346509902,39.426932154687506,39
83,231527,233857,2330,-2.012003027595,-7.978289151299023,75.8460024607812,48
84,233937,237041,3104,-4.171667267224137,-9.531474271400214,66.3623115077743,80
85,237131,238753,1622,-2.7093142449312637,-7.499388847832321,70.13666473765967,90
86,238821,241029,2208,-2.0368014255371776,-7.437296897387142,74.6843243462836,68
87,241102,246228,5126,-3.9877771410312306,-10.373018279351541,68.97136848933684,73
88,246300,250370,4070,-2.251978657549259,-7.393360466683262,73.05954039056775,72
89,250452,252627,2175,-0.6261359532365844,-5.412043002329085,83.40061414174129,82
90,252701,255940,3239,-0.16245286302907402,-8.164099675286693,88.8600536976887,74
91,255994,257593,1599,-0.3939947158719974,-5.078923242080251,85.56419467001389,54
92,257701,258683,982,-0.7566697547304244,-4.913109575409052,81.24464740253654,108
93,258743,261489,2746,-0.45158758426507006,-7.962820324679754,86.75411778263364,60
94,261551,264937,3386,-0.030505394982597522,-5.611156535065604,89.68851106638603,62
95,265020,267403,2383,0.14889528712994604,-6.373035308371755,-88.66162363404153,83
96,267510,270455,2945,-0.9131928570109835,-7.658224191682592,83.19996378536084,107
0,300,410,110,-2.8777400265646804,-4.811154114254606,59.11470058933634,300
1,701,1939,1238,-6.502373296410909,-3.940400784218582,31.215621807595653,291
2,2880,3557,677,-1.5553468414722005,-3.6739901743953,67.05511807685276,941
3,3600,3727,127,-4.381647885793257,-2.850418246436192,33.04543814416858,43
4,3768,3882,114,-3.114183650403305,-1.5210192925605668,26.031655625424083,41
5,3904,4019,115,-3.2060823081599494,-1.821494782889033,29.602520287008655,22
6,4049,4187,138,-4.439563621690354,-1.8025407958398745,22.098016260201394,30
7,4339,4421,82,-4.890284996820029,-2.629392226039684,28.265883220629508,152
8,4455,4600,145,-6.074169529139965,-0.12310058403608082,1.161011147492396,34
9,5217,9593,4376,-29.680535036315675,-10.299087842536977,19.136674566943533,617
10,9683,10155,472,-7.848296132090624,-0.5632268978171595,4.104750294369413,90
11,10277,12116,1839,-9.45060853885873,-5.087142289628062,28.29301474735379,122
12,12193,12506,313,-2.4860929906073608,-3.1586606228507605,51.79471088127629,77
13,12543,12666,123,-2.892621808502284,-3.427458291049092,49.83712778656917,37
14,12693,12945,252,-6.775433658157198,-2.2843277044817256,18.631459903271715,27
15,12978,13307,329,-7.400089049293086,-5.241025609402328,35.30758293684356,33
16,16219,16475,256,1.3258977952813211,-5.016165287303792,-75.19391691968485,2912
17,16873,17149,276,0.21031463211743073,-2.221342890864179,-84.59141271918517,398
18,18320,18469,149,-2.4882518638365383,-0.8898139465744066,19.677357984771458,1171
19,18509,21557,3048,-11.581690225675004,-12.17053179639386,46.4201293490045,40
20,23193,29177,5984,-8.624680341352018,-9.238970612705614,46.96949528985125,1636
21,29266,29473,207,-0.9930555247733253,-1.2709000822111705,51.99665316992287,89
22,29530,30958,1428,-5.9943627221889955,-5.328845395678059,41.63633162024548,57
23,31011,31303,292,-0.1254286594657401,-2.72624118002048,87.36579850103642,53
24,31484,32302,818,1.7561548631703516,-2.7403491024751787,-57.34618872109271,181
25,32908,34823,1915,-2.4904451281865647,-1.5805900656802407,32.40173071979261,606
26,35085,35542,457,0.40002091120562966,-1.494859979853615,-75.0187981059776,262
27,35745,36145,400,-3.114973277404985,-2.7964941293112417,41.91618238883009,203
28,36186,38252,2066,-6.284489564888801,-5.056945633477909,38.82262018321127,41
29,42865,44564,1699,-2.878056915371687,-4.4550388519677,57.13661605608433,4613
30,44641,47294,2653,-2.3590539124715377,-5.280528674827082,65.92749778857237,77
31,47387,52384,4997,-1.8460336906906463,-8.323841746736008,77.49552291756554,93
32,52504,55733,3229,-1.9339869471801734,-6.072817246058932,72.33508177786945,120
33,55803,58041,2238,-2.012008142504058,-4.965519277854682,67.94240969068406,70
34,58115,58510,395,-0.9584612509470389,-1.659460936810575,59.99039302603487,74
35,58567,60417,1850,-4.2599450491778725,-7.058160718269093,58.88696556183647,57
36,60486,65204,4718,-1.153948267615121,-8.198752233194668,81.98842709169448,69
37,65276,68100,2824,-2.0895473040457233,-3.8825316235482177,61.71121954998929,72
38,68185,75456,7271,-5.072429099910863,-6.677115474158342,52.77701810082066,85
39,75558,78573,3015,-0.40856143877005024,-4.4589220346852585,84.76472944729109,102
40,78693,79790,1097,0.7600417306552316,-1.110297761170557,-55.60685187715373,120
41,79842,82492,2650,-2.312326987064381,-6.957987699923862,71.61696104005216,52
42,82569,88527,5958,1.5381483553783823,-3.0673759986554927,-63.368335300020966,77
43,88627,93989,5362,-2.7728051241548,-4.16061991805681,56.31890932130616,100
44,94142,98595,4453,-0.032686704606064154,-4.766447018490368,89.60709080458386,153
45,98711,101467,2756,-1.0390673590181336,-4.276796885076408,76.34430957914327,116
46,101531,102768,1237,-0.28581845792979266,-3.585749741807419,85.4426154934162,64
47,102820,105829,3009,-1.3586820170899188,-2.9824934897265507,65.50824949665427,52
48,111293,113439,2146,-0.8923907087569631,-0.6730685637492115,37.02472354845194,5464
49,113532,118478,4946,1.7909207582015654,-5.186835056493621,-70.95112830706171,93
50,119953,121152,1199,0.171184360170912,0.408731418799988,67.27515311130426,1475
51,124898,125991,1093,0.7635676882620004,-1.5051383757477765,-63.100986717818635,3746
52,126080,132567,6487,-1.2622569551537026,-2.210540894291313,60.272888263477405,89
53,132660,134279,1619,-1.6230259534323608,-0.11266466273771414,3.970898364994602,93
54,135049,135850,801,0.23925140534981892,1.694007769310673,81.9610604508945,770
55,143914,148981,5067,0.2819308602017543,-2.2285893666420122,-82.7900158843156,8064
56,149048,152069,3021,-0.59609433570634,-3.0683943216566263,79.0061375743773,67
57,152129,153108,979,-1.3838453421786596,-2.6085684086423555,62.05405287818079,60
58,157383,158096,713,-1.1634943702824074,-2.0892544917731897,60.88680599684548,4275
59,158150,164763,6613,-5.693407702928312,-7.812452297070436,53.916907386614426,54
60,164817,169421,4604,-1.3048219707287814,-5.6932843630650325,77.09153027446874,54
61,169489,169632,143,1.1767052208957551,-2.062742286846955,-60.29711222475033,68
62,169668,169832,164,1.781143983932722,-4.604670268869697,-68.85290706146098,36
63,169900,170032,132,0.9627455427981602,-3.2360293158027247,-73.4318220835023,68
64,170105,170267,162,-0.3365679451936927,-3.0115157764367098,83.62306797592566,73
65,170306,170582,276,-0.9388863464254484,-2.9207181792275634,72.17961624880259,39
66,170613,172818,2205,-1.4099065195318872,-9.150320845338513,81.24059616757881,31
67,172964,173440,476,-0.6355784440273595,-0.9471904957216566,56.13782058537101,146
68,174235,174333,98,-1.5295780820825229,0.22832473204033477,-8.490024674901758,795
69,174364,186839,12475,-13.497573683152424,-10.931051575248375,39.002389109026254,31
70,186919,187017,98,2.161331413344925,-2.4526575132960033,-48.612845173175074,80
71,187052,187374,322,-1.8581181697237952,-1.6458753690083796,41.533732986519446,35
72,187616,187740,124,0.506778172220919,-4.877650531017892,-84.06836516247654,242
73,187776,187857,81,-1.5436910188318933,-1.5829867598632035,45.72004912008898,36
74,188240,188423,183,0.5230636051295079,-3.6242883483014907,-81.78767756193447,383
75,188447,188564,117,-2.637974397577892,-1.3498201459458414,27.09828641449995,24
76,190914,195597,4683,-0.24509546314392594,-6.57110001350317,87.86391490495609,2350
77,195677,196124,447,-0.976480953005435,-3.714776169541736,75.2721861937647,80
78,196159,199759,3600,1.4807515415586465,-5.408544383546925,-74.6887526997656,35
79,199813,203648,3835,-0.790412561997357,-5.507076475976461,81.83230513559093,54
80,203706,208903,5197,-0.49311044334990584,-5.334498411588257,84.71870028577722,58
81,208981,210569,1588,-0.8528445256254003,-0.4361030249610707,27.0829835305345,78
82,210650,216048,5398,1.314614453092375,-5.951242928126291,-77.54354385571791,81
83,216156,220656,4500,3.86984651833383,-5.757088827444818,-56.09147592412074,108
84,220721,224743,4022,1.6482038509436165,-5.6304572595921485,-73.68366241067174,65
85,224819,231010,6191,-0.5774132588491057,-3.451761516866057,80.50344769442108,76
86,231092,233034,1942,0.9300959078748008,-2.388820250064157,-68.72636692829977,82
87,247532,255254,7722,-0.24958706336613545,-6.0545919326619355,87.63944564377466,14498
88,255322,261671,6349,-2.817801915046317,-2.3413734774223514,39.72393623893091,68
89,261732,265536,3804,-1.0334709206116486,-4.015631710554686,75.56745144638063,61
90,267861,268054,193,-0.6784413361964567,-1.2078738633994988,60.67784999444968,2325
0,99,241,142,-4.773515583451811,-2.268140286865062,25.41477260135416,99
1,266,336,70,-2.7314418233127924,-4.00908492746639,55.732885467550204,25
2,907,1279,372,-2.3675337653889414,-3.777290264386238,57.921295764073115,571
3,1324,1618,294,-2.8878933359984273,-2.618406463257557,42.19809116134681,45
4,3026,3268,242,-3.063031224220097,-1.3274009724604667,23.43006986410051,1408
5,3309,3568,259,-4.016923851970205,-1.0064618898436635,14.066188765747917,41
6,3839,6739,2900,-23.089861921564875,-9.974238340637598,23.36312738741228,271
7,6847,8667,1820,-13.564480237739204,-9.171411365930453,34.06397735454888,108
8,8719,9118,399,-3.7782320104554827,-4.18590275420766,47.93031756585355,52
9,9152,9264,112,-3.881540897051906,-1.4418825810743812,20.37860650017138,34
10,9302,9604,302,-3.207646492871035,-2.687835753212539,39.9612025914025,38
11,11587,11731,144,-1.6334843771250007,-1.50707753913224,42.69510322868237,1983
12,11766,14815,3049,-11.208747527283307,-18.21670890244245,58.39599940283911,35
13,14874,19429,4555,-3.2287146341259216,-10.315307694454745,72.61976193401587,59
14,19483,21912,2429,-4.013199494976874,-4.593791144462273,48.85908780864842,54
15,21973,24376,2403,-2.514137146248544,-4.995256123717709,63.2836613088011,61
16,24443,30076,5633,-6.456275253461726,-9.53299964667093,55.89196757162125,67
17,30164,31273,1109,-2.0811839781077452,-2.2585970500824857,47.34098521851071,88
18,31352,34246,2894,-3.029967146070817,-6.716846611316981,65.71988105247218,79
19,34336,38052,3716,-3.1635800671382697,-6.100152377653515,62.58844156620743,90
20,38131,38248,117,0.291732775619451,-0.08711330566856645,-16.625967402179302,79
21,38284,38421,137,0.8223478366297172,-1.3912221161165945,-59.412774944576356,36
22,38459,38725,266,0.3250501128502208,-2.038579299968191,-80.94048898464393,38
23,38774,39658,884,-0.8509810191417415,-5.589214892496713,81.34296650944488,49
24,39699,41353,1654,-4.5577960624041935,-2.2700753031243153,26.476254506855504,41
25,41413,41754,341,-1.8966031858050343,-3.4313986180162033,61.06968646699518,60
26,41795,41915,120,-1.1222040531959436,-1.6504518985475585,55.78674865149393,41
27,41948,44521,2573,-7.492407617179097,-4.60802866923261,31.59261421998223,33
28,44567,44693,126,2.49296073892981,-1.57169929103992,-32.22958187939521,46
29,46545,50529,3984,0.027510501309294,-10.553472654592568,-89.85064328125883,1852
30,50625,53054,2429,0.05445086902849994,-6.221555095909338,-89.49856180877195,96
31,53131,56287,3156,-4.233438722087257,-5.57310371644941,52.7789846500385,77
32,56346,58669,2323,0.6549009757781619,-5.875675424465072,-83.64008033369912,59
33,58739,60700,1961,-0.827975391984964,-3.935949926864069,78.12034205835556,70
34,60739,62635,1896,-1.8294038081011053,-2.3777129132447783,52.42544557117425,39
35,62705,62997,292,0.03364805272870797,-2.3044950878999373,-89.16348078371732,70
36,63078,65289,2211,1.5931377690377388,-8.529654312451143,-79.42040345945381,81
37,69935,71527,1592,0.23759598565099793,-3.5709089086140864,-86.1933469548413,4646
38,71597,76273,4676,-3.0185480440995036,-3.3097489803612916,47.63464614425228,70
39,76327,78409,2082,-0.18622089133637587,-2.2959125983920075,85.36290483439468,54
40,78447,80033,1586,-0.03017462925691916,-2.216127156078244,89.21991295898485,38
41,80136,81070,934,-0.06030710085948954,-1.6861656874645945,87.95164249970426,103
42,81349,81456,107,-0.5858637407771425,-2.5062695719848023,76.84283568493751,279
43,81485,81650,165,1.6286205682433206,-2.2233366256126033,-53.77677934554087,29
44,83901,92783,8882,-1.572524377220958,-12.508672533319725,82.8346662658903,2251
45,92836,96931,4095,-0.9439549652422414,-4.563332580629364,78.31283192802253,53
46,99368,104548,5180,-1.3969063246224778,-3.848899205757988,70.05231336325286,2437
47,104644,108954,4310,-3.025354625077938,-2.863494571712195,43.42557292824225,96
48,109022,114864,5842,-2.441182152428283,-2.4935737118389483,45.608277803570864,68
49,114950,117969,3019,0.2315937386407967,-3.5855852192262034,-86.30438652220502,86
50,118057,121309,3252,-1.4364542508277651,-5.1035420458153595,74.2800950418464,88
51,121377,122175,798,-1.1966747903256731,-1.429612650938111,50.068570504927465,68
52,122235,123919,1684,0.1560042204404084,-4.153050270363693,-87.84876602437575,60
53,123988,124087,99,2.1000280468303316,-2.877819775055457,-53.880692926070694,69
54,125791,126138,347,0.9713142899415885,-2.7875427355105415,-70.78919986095607,1704
55,147519,147886,367,-1.3029285409002966,-9.907133549860632,82.5077901573125,21381
56,158591,163100,4509,-1.022523518326679,-5.388513644481648,79.25531389532225,10705
57,163163,165461,2298,-1.308966210695445,-1.984054421540776,56.58544316266985,63
58,177061,179354,2293,-2.013731108969921,-3.7041777376956304,61.46982438043772,11600
59,179418,180980,1562,-0.9963908749019197,-2.6036390388725152,69.05856969908437,64
60,194580,195788,1208,-3.8403162108674422,-3.232503786758585,40.0882765164499,13600
61,195868,196687,819,1.0953880850419182,-7.172609548994444,-81.31698063434312,80
62,200298,200613,315,1.280501548561773,-3.922362966499435,-71.92011912872401,3611
63,200669,208483,7814,2.5665401934273575,-13.055585262069854,-78.8782963401439,56
64,208581,214403,5822,-2.3065510973974312,-4.970530598366963,65.10656673546454,98
65,214460,217015,2555,-1.9127973717029363,-1.7472397153072734,42.41005539796311,57
66,217091,220122,3031,0.5547203351694208,-5.0260298211062775,-83.70178537628223,76
67,220238,223675,3437,-1.962516880806561,-3.82487406701307,62.83794904334677,116
68,223743,228838,5095,-2.4527049862772827,-2.993387051679065,50.669683708084364,68
69,228921,232833,3912,-2.3327370394171822,-4.355275424700636,61.825971342684745,83
70,232908,238761,5853,0.665404506226281,-4.572876344498141,-81.7209310626254,75
71,238823,239542,719,0.6815434780192788,-1.832277820835202,-69.59655345919869,62
72,241546,246885,5339,0.9572555493297301,-13.507428443966404,-85.94629293690886,2004
73,249071,251640,2569,-14.555541351141642,-10.118695367038598,34.806185462033,2186
74,251679,257230,5551,-7.418636378527296,-8.733015186832304,49.652327840910246,39
75,257284,260559,3275,-1.6664559921135265,-2.4256362216777774,55.51023017234163,54
76,260619,261494,875,2.366510541536357,-4.7642835778240595,-63.58553252886638,60
77,261552,263222,1670,-0.450696388018585,-2.931116936158176,81.25851005530305,58
78,263279,263539,260,-1.262101929859341,-0.3046496366222442,13.570620698724182,57
79,263574,265018,1444,-1.171347449765122,-9.324102892372238,82.83968493559932,35
80,265106,265175,69,-0.4845531199712525,-2.289580099235195,78.05058042181568,88
81,265194,265263,69,1.3093944528238382,-2.0229693345889643,-57.086486865829876,19
82,266969,269275,2306,-1.289293159271196,-7.502903947955147,80.24956631192465,1706
