,start,end,length,delta_x,delta_y,angle
0,320,402,82,-15.237358385999912,-2.1885039829497686,81.82664579646278
1,497,646,149,-6.193199744522403,-4.560914051108384,53.630618730686926
2,716,1023,307,-1.4634722738785513,2.6926942927241413,-28.523963944682066
3,1058,1344,286,-3.73477296112182,-11.1199925360076,18.56519731923254
4,1363,1465,102,-5.426590685934087,-5.08899526271405,46.838808763427515
5,1499,1727,228,-6.27582595323797,-7.730102765515937,39.07205324840732
6,1756,2422,666,-17.73267801534962,-4.974624505810425,74.32936965719126
7,6213,6390,177,-1.0101105680080593,2.383303421285518,-22.96858766577134
8,6427,6472,45,-2.822948523970325,-0.8063274911400384,74.05890560616002
9,6487,6549,62,-2.5180062738349136,-0.5472226206107536,77.73892105022324
10,6572,6713,141,-4.51880250377053,-4.5286904538906185,44.93738181538163
11,6725,7472,747,-19.193760668563215,-2.7243965540464643,81.92130171981513
12,10754,11339,585,-3.160250251205966,-1.2218426544459078,68.86208010055712
13,12713,12836,123,-1.9603674640810027,2.271108336412013,-40.79999038752173
14,12861,12929,68,0.12790195273990435,-0.3490229216558163,-20.1257220478467
15,12956,13041,85,-3.8570015928337824,-4.000618765188136,43.952896506993746
16,13064,14405,1341,-25.16936798112357,-6.610079329078431,75.28505125842544
17,19311,19482,171,1.900353560533759,-1.6560902365386454,-48.92901287563816
18,19581,19772,191,-23.657485785677622,-3.9763836368750276,80.45882772578686
19,19958,20316,358,-7.256151238334837,-0.04536376168651657,89.6418048438296
20,21014,22512,1498,-8.752835148820836,-2.4738394037963616,74.21796111222135
21,22628,22784,156,0.947685647342098,-5.013582172935969,-10.703966300929187
22,22885,23679,794,-26.417362333876184,-8.186374944684133,72.7825147426768
23,29594,30131,537,-3.6009909692234743,5.254608785707745,-34.422897085066246
24,30138,30620,482,2.936849936744636,-12.315786941241228,-13.412394773630407
25,31479,31624,145,3.1700591991661042,-5.578032185705808,-29.610062379677423
26,31939,32087,148,-5.248397719574427,-2.0742978005975914,68.43483109413127
27,32111,32211,100,-3.225077660743324,-1.8554343966064266,60.08755178237742
28,32274,32361,87,-4.971046311014163,-1.1116257222423371,77.39489314112919
29,32388,32609,221,-24.220399978111757,-3.2275105017233017,82.40971740064165
30,32677,32852,175,-5.2470219072101685,5.8686567232931,-41.799116709836674
31,32898,33090,192,-6.915791805913386,-1.2104357960610486,80.07237001209413
32,33185,33491,306,-24.08219340967935,-2.8687246839124043,83.20681006990382
33,41801,43200,1399,-16.301488806811705,-4.493979734264499,74.58758121730699
34,45582,46249,667,-1.9627795042722909,-0.8963523362751431,65.45500506821377
35,49690,51508,1818,4.607364405320297,-4.392517137847449,-46.36751845170841
36,51658,51994,336,-0.3251616364484988,0.09066688040763893,-74.41959791222668
37,52019,52151,132,0.2666867913930844,-1.9771456796772497,-7.681962258680016
38,52248,52340,92,-3.12661377766338,-2.0550647564609363,56.68382980853142
39,52378,52795,417,-20.4602088232934,3.2061494530299797,-81.09407901979849
40,52982,54560,1578,-22.781900389737814,-10.10860596038485,66.0725572113487
41,58373,58848,475,-15.103446391657371,-6.938556331653999,65.32584628951703
42,58921,59096,175,-5.512478544067704,-5.242101826143127,46.440147521231374
43,59170,59253,83,3.0031737594640333,-1.8843712807110506,-57.893374974226106
44,59279,60293,1014,-6.482553383329872,-6.2729098776434,45.941604898339996
45,69934,70146,212,0.21290775950359375,-0.8334006397562348,-14.330762751779163
46,70207,70883,676,-3.4887604247286674,-3.7737159912354485,42.75305561598376
47,72583,72803,220,-0.5170477987080488,-4.4453468358967285,6.634384054258497
48,72844,73181,337,-1.1282783711650524,-1.5398336344894972,36.23125668801383
49,73205,73618,413,-8.324401891628867,2.9300420468771335,-70.60883429883376
50,73701,73853,152,-4.140427091913281,-0.942079604266354,77.18160981658968
51,73914,74168,254,-12.03768158147777,-8.169716878270663,55.836101199588235
52,76553,76949,396,4.402966028264359,-4.850982494074387,-42.22827229487898
53,78695,79072,377,-2.117040789928339,-2.4595298592568042,40.72023022098497
54,80682,81224,542,3.0548000251816063,-5.388869227241031,-29.547694289032798
55,82291,82652,361,-2.6451028644815295,-3.47218169131159,37.300096535136475
56,84370,84651,281,-0.21671049875398296,0.3243112770672667,-33.75154275292044
57,84682,84808,126,0.30685302985318685,-0.9362351552116905,-18.146665093648767
58,84838,84881,43,-1.6664695908708467,-2.2545039341818836,36.47083050368347
59,84903,85774,871,-25.888016189759696,-6.886914533821027,75.10279854037418
60,98457,98646,189,-3.4247625026002453,-0.9833760566555583,73.97926864425226
61,98672,98927,255,-1.2784819468769513,-0.16351228420457176,82.71168600285796
62,98960,99324,364,-4.527030966942618,0.5310585480753929,-83.3093054070741
63,105432,105914,482,2.849325889261266,-6.292886781627246,-24.36031310227949
64,107758,107942,184,-1.7874761827178105,-0.017146605769028156,89.45039938388987
65,107985,108221,236,-1.9690991160697564,0.6494503201432877,-71.74635719083355
66,108266,108311,45,-2.993282014837064,-0.8170408707749033,74.73256686571223
67,108373,108543,170,-6.999769122782368,-5.672727207062124,50.97812667161618
68,108715,109006,291,-7.868481385980402,-15.877791575580574,26.36141578023187
69,113460,113707,247,0.5943083630393176,-2.011306156517435,-16.461555787102448
70,115779,116547,768,-1.7403861670976823,-3.553363559598324,26.094945575606282
71,116603,117110,507,0.6059302775941262,-1.7997544485056096,-18.607034130110872
72,121511,121830,319,2.2233328405235255,-6.795107675781523,-18.11789532844107
73,121857,122179,322,-1.986621928024178,-5.118064429471403,21.214162521841182
74,122206,122364,158,-2.017736182938762,-2.158173168353372,43.07385303803881
75,122387,122603,216,-3.2029651515431397,-3.3809852804851346,43.45118555694122
76,122628,122816,188,-3.8297141646576733,-7.940632722371959,25.747703065663718
77,123004,123112,108,2.8367613716288815,2.6995981162282305,46.41921208719811
78,123154,123344,190,-8.74842720790545,-5.701716590388244,56.90602754191403
79,124245,124794,549,-5.763531730051824,-4.045342007947852,54.93552215055807
80,125552,126813,1261,-4.753928141099479,-4.015806762241951,49.81106874050429
81,131031,131218,187,2.5004922452994833,-1.084747416003836,-66.5481466899476
82,131245,131395,150,0.2243069006010785,-1.9913556479268806,-6.426724822932307
83,131446,131546,100,-2.963142305190928,5.208181252642902,-29.637276393298244
84,131580,131679,99,-3.283114848190422,-3.8966051502551835,40.11607277320417
85,131710,132869,1159,-23.03855541633314,-11.35085273966034,63.77101956584952
86,134762,135389,627,4.301996922190483,-2.848915565315309,-56.48624085086079
87,141847,142355,508,0.04352184927027736,-3.311353405278922,-0.7530077292924839
88,142523,143963,1440,-0.1318223378797967,-2.3965281351389223,3.148412886892807
89,144100,144539,439,0.9659344280659212,-2.8719932224195475,-18.589281664734234
90,144582,145087,505,-2.754169781151319,-5.991051795873005,24.68889923478869
91,147409,147601,192,-0.47712512180697786,-1.3037037621106151,20.101445434890547
92,147630,148345,715,-4.272997546176214,-3.3028805271445236,52.29720711140907
93,151698,151930,232,0.051008619758306395,-2.6760290359481473,-1.0920003900817394
94,152246,152359,113,-1.761324342768475,-4.679151560284836,20.627320974954362
95,152400,152574,174,-2.107857429068943,-5.3038487514122465,21.673879843812724
96,152634,153128,494,-5.800767919016948,-8.559710242417452,34.124815829281324
97,153252,153346,94,-4.200135434226809,-9.908500211453202,22.97170645268215
98,153360,153888,528,-17.968853292816135,-4.785296683485711,75.08762946378019
99,161309,161950,641,1.4554203261697864,-2.7662820294917196,-27.75014509538727
100,165781,166111,330,4.376509622483823,-5.582830211369,-38.093717554226785
101,166222,166745,523,-2.6227073531147482,-0.818847305300082,72.66087838245355
102,167280,168052,772,-1.2474919060959024,-0.03449953238303749,88.41588238158755
103,174135,174681,546,-1.629749842177958,2.280918793063151,-35.54636161897376
104,177265,177454,189,-0.5185583902108704,-3.313737564615508,8.89394014042054
105,177476,177975,499,-3.8366703630248793,-4.712865735886169,39.148496942021424
