,start,end,length,delta_x,delta_y,angle,interval
0,637,731,94,-13.424149346057732,-3.480571900088293,14.535402448010219,637
1,933,1005,72,-16.001616038246098,0.029164163199780546,-0.10442580362963177,202
2,1036,1158,122,-10.347575788343306,4.6977581163043425,-24.41785906252113,31
3,1284,1442,158,-6.859881926997858,1.4171465525949998,-11.672233003827742,126
4,1470,1702,232,-7.786990819609159,-1.325792980471988,9.66237960970259,28
5,1740,1880,140,-3.8424110294605924,-0.6328558835932085,9.352807719329553,38
6,2427,2618,191,-9.215659024152956,-5.09117775388097,28.918393209035017,547
7,2649,2761,112,7.852937969571698,-4.528790764947161,-29.972056744493045,31
8,2830,3023,193,-8.337330602872271,-6.283589732752461,37.0042098013501,69
9,3200,3293,93,-5.680453304200256,-7.825353328556702,54.02396192522814,177
10,3319,3516,197,-9.332413893134913,-6.461252993828879,34.69661052838975,26
11,3685,3795,110,-7.266604300880672,-0.7570104350001543,5.947428464301603,169
12,3834,3964,130,-4.618185645283077,-1.6216401145407247,19.348329498296263,39
13,3982,4096,114,-10.592028934599028,-5.8598891660159325,28.952937297972827,18
14,4358,4442,84,-6.741025668579155,-3.648160637050836,28.421709895297624,262
15,4530,4633,103,-3.818667236353079,-4.290948706623766,48.332982176595095,88
16,4648,4784,136,-7.189283660842278,-2.9699728893716895,22.446063117154566,15
17,4813,4975,162,-10.849080723012264,-7.403527292825743,34.310040459129105,29
18,5007,5054,47,-6.254027661028047,-2.8770149014414415,24.70365650748427,32
19,5077,5176,99,-18.2012887815102,-7.348847014087454,21.98660058129973,23
20,5339,5513,174,-20.378638021262603,-5.6503127973169,15.496909584784895,163
21,5755,6492,737,-32.57352011917604,-10.625958278615798,18.06708290901955,242
22,6543,8864,2321,-16.757913480685502,-10.08427344788987,31.03792533786714,51
23,8929,9037,108,-2.1049336730070394,-2.6869224997871584,51.924869691961554,65
24,9073,9172,99,-4.151893705803786,-1.5134544623948898,20.027884770911445,36
25,9188,9306,118,-5.795416109960186,-7.178354214242717,51.08446400018063,16
26,9355,9484,129,-9.711935019090802,-1.8650102236690742,10.870338660361298,49
27,9506,9630,124,-16.469671696595555,-6.576104459097309,21.7661196413767,22
28,9692,9829,137,-17.06501471789079,-5.750487554607076,18.622542860726277,62
29,9857,9948,91,-1.212074390417257,-10.493064802843776,83.41085549649988,28
30,9970,10077,107,-8.16872932485768,-5.264926114267496,32.802672580593715,22
31,10645,10737,92,0.7227125341853622,2.757388837377931,75.31312121942311,568
32,10858,11503,645,-1.7359842090919244,-11.778717407408294,81.61592681565413,121
33,12201,12354,153,-4.060467924850286,-4.5276750691369045,48.113902108546085,698
34,13815,13960,145,-3.6533914351558963,1.043153378284444,-15.935641088753446,1461
35,14114,14182,68,-0.5085148321838062,-7.949559912077973,86.33990919362526,154
36,14329,14460,131,-4.999184154540131,-3.8708974578253503,37.750827682981274,147
37,14480,14681,201,-4.417982971330943,-3.374679859704827,37.37442959036396,20
38,14727,14880,153,-2.280608052668285,-2.0985360927699332,42.619180900145004,46
39,14908,15122,214,-3.114272024890468,-3.532163913662373,48.59771239661874,28
40,15151,15324,173,-7.296263690585619,-8.6530679392678,49.862425595929246,29
41,15372,15487,115,-1.4100166099201772,-4.530717277376084,72.71319652103193,48
42,15620,15678,58,-6.070839269112739,-6.785005481122397,48.17961958370108,133
43,15714,15836,122,-4.959922201696017,-3.2203174608053757,32.9943634074698,36
44,15870,15962,92,0.7925163496438188,-3.5239041970500864,-77.3252203068442,34
45,16575,16782,207,0.8763922927574299,-3.5434501092550192,-76.1079681936768,613
46,16809,17137,328,-10.634032193827409,-10.121354353549862,43.585027337131876,27
47,17176,17332,156,-3.6273718051785266,-3.7530310878368596,45.97542791004168,39
48,17592,17781,189,-4.956748786831184,-4.711104691726433,43.544522588405584,260
49,17818,17982,164,-6.358810002021073,-5.075177326997419,38.59452920584443,37
50,18034,18088,54,-5.155211654695975,-4.5008193397638365,41.12297489701976,52
51,18146,18219,73,-6.623266746379244,-6.7364185436795765,45.485263333196954,58
52,18255,18309,54,-5.55802072688445,-8.475898753803023,56.7453765931956,36
53,19419,19736,317,-6.341189445223108,-2.9825831492622967,25.18998223537539,1110
54,20554,20877,323,-1.361412984806364,-6.109053309261924,77.4368270786261,818
55,20994,21099,105,-3.728678552509976,-5.985021808417571,58.07702506120011,117
56,21126,21412,286,-7.379572639319477,-7.878462116320037,46.8727235941436,27
57,21947,23971,2024,-10.593934669317903,-7.8461369656216675,36.52458749485636,535
58,24097,28182,4085,-14.079606351180047,-12.495633170523035,41.58901528472054,126
59,28249,32444,4195,-12.88570193175019,-7.645162769566085,30.680905378791078,67
60,32566,32733,167,-1.533363608677874,-2.1887350923254303,54.98604142531763,122
61,32767,38599,5832,-18.62585173062334,-17.761859815451203,43.63982129239967,34
62,38720,38837,117,-1.9602917023112525,-0.7985134642852074,22.16323999613648,121
63,38870,39073,203,-1.7419833987756874,-3.9963287675141714,66.44780938557287,33
64,39112,39172,60,-2.6461501940391656,-3.953721134445999,56.20635901713592,39
65,39356,39542,186,-4.997498282692931,-3.400881225584328,34.23594266051472,184
66,39584,40065,481,-8.312362637762106,-3.1472972686129594,20.738093168863497,42
67,45844,47180,1336,-3.36586231509618,-4.518238096518161,53.31572473903534,5779
68,47470,47632,162,-1.3588979819252387,-4.244771742719024,72.24833693419123,290
69,47674,47918,244,-2.9588291871964145,-2.650875267513385,41.85780822923373,42
70,47953,52915,4962,-22.854284199033444,-11.244827165433605,26.198234293062363,35
71,53047,57874,4827,-7.655963712091861,-6.532740856309147,40.4737237212598,132
72,57924,58088,164,0.3114287698749365,-3.233026198978962,-84.49782697687596,50
73,58135,60766,2631,-2.545792203067279,-10.474383197030477,76.33918110694367,47
74,60854,65486,4632,-4.350739286467004,-10.347156648457315,67.19437613831707,88
75,65591,65833,242,0.3507405786069029,-1.127952174760594,-72.72674006121801,105
76,65864,67297,1433,-5.770913661333623,-3.936006326768336,34.2956359120306,31
77,67375,67563,188,-0.1570171821735613,-4.757323906165624,88.10961847486664,78
78,74363,76865,2502,-1.5275184764864207,-3.4390898362066764,66.05095004696571,6800
79,76982,79661,2679,0.7078835466386835,-8.13398606731613,-85.02620156993186,117
80,79745,84844,5099,-6.137683583617132,-5.682690870239782,42.795645258688786,84
81,85004,85137,133,3.7890028932785214,-2.475988454438351,-33.16329208782532,160
82,85164,85242,78,-1.6341480188866768,-1.7540536683941639,47.02680431273468,27
83,85329,85427,98,-3.0465739601552855,-1.1528139207522088,20.726483522862935,87
84,85653,85723,70,-4.056835698472867,0.1411663736393507,-1.9929264732161438,226
85,85739,85921,182,-0.08082063238794035,-7.0167132337872715,89.34007900718737,16
86,85953,86530,577,-5.905799001075707,-3.410251824746041,30.003908492956217,32
87,90663,90911,248,-0.5497434955066751,-7.778270931817531,85.95723874500828,4133
88,90943,92328,1385,-5.512270627461874,-5.363126583060165,44.21430100713971,32
89,92398,95518,3120,-6.537711790006199,-6.153682406883178,43.26681365791746,70
90,95608,95903,295,-2.0990489004013995,-5.3425095363598984,68.55035105370801,90
91,95948,98969,3021,-9.968239312430669,-7.686872584518483,37.63712587799238,45
92,99058,99612,554,-2.576797751318722,-4.147983714134398,58.150749451533684,89
93,99656,99763,107,-3.923591864060569,-1.442544104680195,20.18640885354285,44
94,99783,102465,2682,-10.784889648366686,-10.03459837859171,42.936071847706856,20
95,102528,102637,109,-0.009645581360075539,-2.1862390208994498,89.74721541798596,63
96,102667,104876,2209,-8.488811884160683,-8.161865199258045,43.8751053112119,30
97,104977,109199,4222,-9.916671438526592,-8.961190056365524,42.10251214633577,101
98,109362,111346,1984,-2.498660387317301,-5.666225698975438,66.20374944661616,163
99,111443,112691,1248,-0.5195443836107074,-6.740913177204021,85.59273856307826,97
100,112808,114381,1573,-3.3654323570039253,-4.780759889957579,54.8562383204131,117
101,114476,116064,1588,-3.398326698904185,-3.6053375870596085,46.693027744689246,95
102,116432,118361,1929,-4.412847435615959,-5.952105978746857,53.44703521126102,368
103,118440,120184,1744,-2.9256175830787896,-4.884202182428368,59.07855986170707,79
104,120277,125159,4882,-4.54484647105528,-7.063382942827047,57.241245650332104,93
105,125215,125380,165,-2.290132162693368,-2.044421699893263,41.75557795058806,56
106,125408,125651,243,-4.167664543420997,0.025224235435644005,-0.3467708521829066,28
107,125762,125864,102,-1.4278678982825994,-0.5892096861798848,22.423491652693837,111
108,126152,126430,278,-0.6683519770827786,-2.440703969644858,74.68578434304378,288
109,129329,129653,324,-7.0963989435642105,-5.09703497647061,35.68804471829214,2899
110,129715,129774,59,-0.6056832518522697,-6.719100173196409,84.84907928100604,62
111,129798,130143,345,-5.349612999857115,0.07381053453875097,-0.790480318332485,24
112,133090,133304,214,-5.1909109757136775,-6.931253745773745,53.169956525795314,2947
113,133356,133600,244,-4.47885221854564,-2.0573163385903683,24.671215243908915,52
114,135452,135634,182,-1.219988656583638,-8.388943641397532,81.72558750814365,1852
115,136758,137011,253,0.6853365321431966,-6.894768778883758,-84.3234746502032,1124
116,138010,138188,178,-0.9583373739228449,-0.42210693039737635,23.771454260220093,999
117,139063,139353,290,-1.21806562089931,-3.7174295006052773,71.85792328806575,875
118,139741,139951,210,-1.4874975159219446,-3.540539464202851,67.21111622373134,388
119,141269,141379,110,3.6166598301270767,-6.711870468785378,-61.68220145953375,1318
120,141431,141796,365,-1.3783242395732742,-4.662284647149818,73.53059266288578,52
121,141851,142044,193,-1.6496188779701555,-7.310286118084946,77.28377983620491,55
122,142106,142212,106,-3.645941548710084,-1.8129142485698821,26.438481518272642,62
123,149306,155751,6445,-9.09702884278127,-8.831950078534987,44.152947416613785,7094
124,155830,161724,5894,-4.294616383936827,-8.128937961207498,62.151963709685084,79
125,161792,165313,3521,-2.6511259243084737,-9.586059182937504,74.54065478343321,68
126,165423,165588,165,-1.0330231686750295,-2.698834774860501,69.05483507647803,110
127,165627,165739,112,-0.16430190955540525,-3.625108640351584,87.40494178338737,39
128,165765,168986,3221,-6.785114773441862,-9.830197869589256,55.385329520855926,26
129,169081,170208,1127,-2.1661433874515694,-4.3793587026062255,63.681817515561164,95
130,170424,170531,107,2.9460021432248737,-5.617063318492825,-62.324170231783626,216
131,170562,170749,187,-0.4516392512432219,-4.174093502347205,83.82458909092922,31
132,170780,171343,563,-0.45096430240643315,-4.45938201706889,84.22547621184906,31
133,171410,172610,1200,-0.8301663973891635,-0.7810470606741546,43.25382584405367,67
134,177401,177972,571,-1.3922439520250975,-1.5711392994952007,48.45467431560313,4791
135,178000,179141,1141,-0.04198813561444581,-5.580108128240454,89.56887975960375,28
136,179181,180469,1288,-1.5255739777243207,-7.073210551951661,77.82870011990354,40
137,180544,180666,122,-1.3912242477554173,-1.4118416373254945,45.42142002839282,75
138,181867,182015,148,-1.8990675444868828,-1.2422048870540152,33.18922318331755,1201
139,182050,182203,153,-4.259849267319254,-1.0668707008166223,14.060399156563053,35
140,182426,182605,179,-3.1396696603642056,-0.260576709065532,4.744386609695611,223
141,182642,182797,155,-5.50285349862915,-4.27833706080537,37.86421217194797,37
142,182848,182960,112,-4.756532378864549,0.9223264287369091,-10.973883874476527,51
143,183082,183161,79,-3.8511440157815144,-3.155879557509593,39.333435181840485,122
144,183190,183493,303,-9.38655023021036,-6.46933837420147,34.57514093823095,29
145,184772,185061,289,-1.9551399194874506,-4.769290538333365,67.70913953119286,1279
146,185707,185941,234,-11.678539137142636,-0.9082983871992667,4.447226680436473,646
147,186732,187129,397,-2.2984608632668397,-3.9628702996633933,59.88630915609207,791
148,187160,187475,315,-5.120665234275279,-4.823415350413285,43.28781618349296,31
149,187654,188298,644,1.8240661447592004,-8.376439041711905,-77.7149729400087,179
150,188358,188670,312,-9.008902157613491,0.5116926625889278,-3.2508249241939353,60
151,189036,189355,319,-0.8079321946606086,-3.90816760325626,78.31982843065853,366
152,189385,189565,180,0.20348949337868305,-5.893093047164513,-88.02235285820093,30
153,189763,189843,80,-1.9232307083936746,0.6716247834649209,-19.250067801419558,198
154,189861,196115,6254,-4.575676997481835,-21.21466441998271,77.82863195164155,18
155,196209,199938,3729,-6.739980584483575,-11.688707536938551,60.03125097656597,94
156,200024,203103,3079,-3.526701543894376,-7.053992711338026,63.43686453262111,86
157,203203,205967,2764,-2.870886413382223,-8.850199083148794,72.02762930254296,100
158,206043,207883,1840,-2.1814773103699423,-4.514227139887453,64.2080802896436,76
159,207940,208033,93,-1.2340463781351758,-3.1707327950780666,68.734056779185,57
160,208059,210246,2187,-1.3269995873909437,-9.895229582167957,82.3619210708585,26
161,210350,210825,475,-0.17043318082328085,-5.433595605846506,88.20341776477278,104
162,210918,211008,90,1.4150835230400816,-0.5607927206760905,-21.618252111514376,93
163,211044,211112,68,-0.783078177666269,-3.8770589734782845,78.58117156831634,36
164,211133,211242,109,-0.0009922051930004727,-1.7497628770272229,89.96751036119062,21
165,211271,211513,242,-2.5465167185214455,-7.26405242255646,70.68116043636643,29
166,211595,211916,321,-4.2534390105809905,-1.9104349322200562,24.187263695411495,82
167,211968,212248,280,-3.1760227178174034,-3.516329483909715,47.910988724938484,52
168,216535,217436,901,-4.541599658202642,-5.659298976792655,51.252881758808805,4287
169,217554,217695,141,-2.2863972339856247,-4.262415798891823,61.79050074215763,118
170,217753,218710,957,-6.669136820905933,-3.6489513196452776,28.684831724804493,58
171,218767,225069,6302,-13.066124741190734,-12.19489416486985,43.024701343924534,57
172,225143,227765,2622,-7.467413036017405,-11.369713175450215,56.70384641010783,74
173,227832,228054,222,0.14829199245750146,-6.709890782535609,-88.73394028888907,67
174,228114,230119,2005,-3.897829171134717,-4.596940436483891,49.70478393170052,60
175,230180,232356,2176,-4.352760615476129,-5.684431860451042,52.55750489411822,61
176,232436,233725,1289,-3.769474973432281,-4.174253689051994,47.91702694659376,80
177,233825,237306,3481,-4.066172718710391,-7.07666359419909,60.11880074109756,100
178,237357,239872,2515,-5.351067013973676,-6.4621253584859915,50.372996244056196,51
179,239929,240083,154,-0.6450764235041646,-0.6587295559350537,45.59996524468277,57
180,240113,240262,149,0.4726010721618792,-1.503055400853782,-72.54544896700584,30
181,240305,240395,90,-1.49735665132404,-3.042515959435832,63.79616141080682,43
182,240425,240658,233,-3.82121572829449,-2.7939661042771036,36.173227524928784,30
183,240754,240851,97,-1.4046312687587204,-0.3818933572455876,15.210008521421656,96
184,241034,241227,193,-3.6444579150907117,-1.434634773965655,21.486996538660552,183
185,241564,241924,360,5.207712639840736,-4.667512574116728,-41.86889503397369,337
186,242146,242813,667,3.265616635734574,-0.8069275785130969,-13.879649256063196,222
187,243724,244103,379,-0.9432859496141788,-3.4742456238574846,74.80991697674297,911
188,244735,245195,460,-16.635505096856505,-4.961533033585795,16.607191227924755,632
189,245294,245481,187,-1.8040819525766238,-2.0579277519291566,48.76058140286879,99
190,246050,246714,664,-1.7900858717182189,1.1769978776994776,-33.32528662603886,569
191,246745,246883,138,2.680218138721372,-6.882758182243265,-68.7235402136885,31
192,247110,247305,195,-0.9282544151752461,-6.800320984535659,82.22707601007286,227
193,247487,247627,140,-1.9377721545593403,-1.384656253135688,35.54811748196201,182
194,247820,248196,376,3.9633546227444043,-1.6311088216714325,-22.36949508168252,193
195,248242,248533,291,-2.5397202735127706,-5.025021541959518,63.18729048267562,46
196,248944,249196,252,1.3447920241554527,-2.2410152747598033,-59.03280598677862,411
197,249229,249389,160,-3.277900753793759,-3.552320477348303,47.300751246926204,33
198,249459,249557,98,-3.111514776414822,-2.3636483840228095,37.22195910973352,70
199,249591,249866,275,-8.352585799337334,-8.763967311722865,46.376789324679066,34
200,249896,251545,1649,-18.460203411579727,-8.03976210969131,23.534021588720627,30
201,251598,251691,93,-0.3863171033746795,-2.6234523337722067,81.62309857237375,53
202,251731,253705,1974,-15.150482366477561,-12.7738584700557,40.1353139378061,40
203,253764,253879,115,-1.7577348179990793,-6.123854532787362,73.98489096039147,59
204,253915,261359,7444,-21.40712930484203,-13.24142201400656,31.73894476060963,36
205,261460,263045,1585,-1.6876912701875142,-7.069808173220167,76.57373345495,101
206,263157,266472,3315,-6.671066410361249,-8.692517349672357,52.49558915352867,112
207,266547,266640,93,-0.049054903014024376,-1.1059189713192268,87.46021378825849,75
208,266669,269282,2613,-6.774829218409565,-7.111944368800749,46.39063852602516,29
209,269326,270527,1201,-0.6004837024673719,-5.163206409069971,83.3662715468292,44
0,91,137,46,-1.6851325171160312,-4.897924188600427,71.01420354497458,91
1,171,216,45,1.3793123222475998,-4.583864609559669,-73.25314429885893,34
2,238,297,59,5.210126719906597,-7.44551413286851,-55.01693202884247,22
3,315,394,79,-5.7205683217337935,-6.028057444846752,46.499222829418834,18
4,499,598,99,-7.890747126274135,-2.5979928700566006,18.223896175534446,105
5,2068,2325,257,-2.092670875764199,-2.469702278753232,49.724149477770766,1470
6,2365,2469,104,-1.246964844387179,-1.5082827126234122,50.417937044194005,40
7,2737,3252,515,-6.753029600677564,2.21317920446549,-18.14558966281176,268
8,3476,3969,493,-5.821382283639778,-3.922213663376027,33.970507644064156,224
9,4785,4936,151,-5.652664941637042,-3.810837553606575,33.98653087834466,816
10,4963,4998,35,-4.5774055810014005,-5.3815786235284975,49.61653192052769,27
11,5014,5082,68,-8.907131960817708,-1.31015903337871,8.367691208202974,16
12,5109,5243,134,-10.141569867545428,-4.829399109165081,25.463714059367398,27
13,5268,5349,81,-8.314245921142032,-3.455769157578942,22.56993618399433,25
14,5661,7823,2162,-41.89892444654349,-9.748134410636695,13.097339704002083,312
15,7901,10116,2215,-19.79903161920882,-12.59520964361218,32.46259382610385,78
16,10194,10340,146,-2.1746471224939796,-3.2466489056000114,56.185316557485,78
17,10371,10395,24,-2.6569449022202605,0.10394354936909167,-2.2403517591514244,31
18,10411,12559,2148,-18.16009796177174,-14.19511614378618,38.013501242825285,16
19,12608,14447,1839,-8.701473916892411,-10.165580205806293,49.43732913627257,49
20,14511,16247,1736,-13.356517302904507,-13.20017543960131,44.662698004904094,64
21,16301,18037,1736,-7.464191585690159,-10.232915814689292,53.89188208341411,54
22,18084,19142,1058,-6.711765036500324,-6.7605140303018345,45.207321968037576,47
23,19195,21192,1997,-12.695259897241655,-9.61074290727646,37.126958480091886,53
24,21253,21345,92,-0.9928376118831324,-1.0453706027220449,46.47642051653655,61
25,21383,25640,4257,-18.01883372437524,-15.881873964011305,41.393084444188354,38
26,25720,30164,4444,-5.841580296461942,-10.331760962042836,60.516171014096095,80
27,30249,30348,99,-0.950987370537888,-3.0542848441819217,72.70541107701669,85
28,30367,34584,4217,-11.993196138707788,-15.470706411566283,52.216452741365785,19
29,34650,37903,3253,-4.318682212643452,-9.362230932305465,65.2367038461078,66
30,37985,39079,1094,-2.1810686601517375,-5.108992236443498,66.88198577079832,82
31,39137,39428,291,-0.9440985866555991,-4.1162302663747425,77.08206713631016,58
32,39483,39775,292,-1.0779364960801843,-3.382827150923191,72.3255414582386,55
33,42147,43843,1696,-3.2809952952213592,-6.253433406955281,62.3153055287735,2372
34,43928,48140,4212,-9.737586326865824,-13.78459262174789,54.762200165913995,85
35,48216,53160,4944,-3.3268860173848793,-7.823501028920589,66.96273501939764,76
36,53220,55535,2315,-0.8954799394605857,-6.252359955440369,81.84937212721192,60
37,55600,61563,5963,-4.782155941694242,-10.715441651534576,65.94944278665018,65
38,61639,65376,3737,-2.421195832981539,-5.581232901181863,66.54830757680641,76
39,65432,73803,8371,-1.7156364465166831,-9.657104501625042,79.92620089059427,56
40,73899,74001,102,0.9204531282622384,-2.758031652756358,-71.54431443280622,96
41,74033,74221,188,-3.7616079248415843,4.452202745750867,-49.80596984746364,32
42,74227,74509,282,-2.354189809902948,-3.8084826721815546,58.277974618112374,6
43,74594,75166,572,-4.22601042421006,-7.375300688688526,60.18750682034087,85
44,79635,81242,1607,-0.8834141275189609,-6.890534381495229,82.69413997737482,4469
45,81295,85524,4229,-4.044243628266159,-10.277679067575889,68.52047372552576,53
46,85653,87318,1665,-2.0246885302775297,-5.7812257596635845,70.69883415986806,129
47,87405,88927,1522,-1.335770301527262,-7.42573322645012,79.8024663351766,87
48,89038,93705,4667,-3.395486787920561,-8.020170582812568,67.05373608632799,111
49,93792,98854,5062,-3.5540108072265326,-8.2224011551707,66.62430228766132,87
50,98927,100942,2015,-1.2829171978788025,-2.724156661974007,64.78232883081861,73
51,101013,103602,2589,-1.0478221309437288,-6.07576306036799,80.21505827986775,71
52,103669,104114,445,-0.35682225261443534,-2.1658953902314124,80.64479189848957,67
53,104158,107646,3488,-2.392010395783359,-6.912797867003093,70.91303026032094,44
54,107718,109817,2099,-0.3856754084741567,-4.512783239374784,85.11520783547327,72
55,109922,112645,2723,-2.487070223162192,-4.417326831768349,60.61935416519517,105
56,112738,115925,3187,-2.976496985000111,-6.9532772806254,66.82563278639387,93
57,115992,118742,2750,-2.6598692803111987,-4.120367131388065,57.15606615737775,67
58,118799,119233,434,-1.5809434527330808,-4.713074893068608,71.45660064912656,57
59,119272,119437,165,0.1448666451939431,-1.5836286732765927,-84.77326316930314,39
60,119458,123396,3938,-1.9398257896300493,-7.629316027768937,75.73429436562925,21
61,123455,123576,121,-0.7169810277719364,-0.7060460539655082,44.55973043322913,59
62,123631,127228,3597,-2.138882224437552,-7.526043626714994,74.13498670996023,55
63,127317,129375,2058,-2.129138676156032,-4.633831038310717,65.32230811488988,89
64,129431,132050,2619,-3.8000589492056775,-3.315611902645884,41.105215474378014,56
65,132192,134298,2106,-1.1423269519269326,-2.9614676872210737,68.90687638751213,142
66,134380,139406,5026,-3.858153126621815,-5.23416272301759,53.60570534586094,82
67,139574,141095,1521,-1.606848815391288,-3.0254835428898446,62.027014450173915,168
68,141162,143703,2541,-3.640044861885883,-9.007801323405147,67.99640815752181,67
69,143810,148475,4665,-0.2866607654045765,-5.079127743351904,86.7697118796028,107
70,148551,149876,1325,-0.9183153891767688,-1.9945794733997104,65.27839619453701,76
71,149929,150922,993,-0.5182302318598175,-2.0350560446898385,75.71319401360212,53
72,150998,151136,138,-2.105426009477398,-1.6133988475304193,37.463132686388356,76
73,151170,151225,55,-1.4220348637189062,-0.013714486676377646,0.5525587760049634,34
74,151264,151330,66,-1.8054798210294791,-2.989823980254073,58.87327357211237,39
75,151363,151497,134,-3.365016628486245,-1.2799771222389893,20.82569622109555,33
76,153042,153288,246,0.09390120770672183,0.8168568346017366,83.44238770904502,1545
77,153443,153584,141,-5.994406365277513,-5.584274181598204,42.97135582949504,155
78,153605,153750,145,-5.103230877227418,-3.9986398925541664,38.08049764683353,21
79,154909,155044,135,-2.0459463850243225,-0.7250720132579715,19.514043350153738,1159
80,155343,155690,347,2.2140590406710317,-2.05295900016219,-42.837841238354684,299
81,156251,156479,228,-1.8895262616238853,-2.3819792718872748,51.57647744070591,561
82,157256,157584,328,-2.4072108351025605,-0.17501986481573795,4.158458133187127,777
83,158279,158411,132,-0.7556192860415223,-0.3364734642542828,24.00316926832271,695
84,158450,158623,173,-3.9654388165041325,-0.7195069399219562,10.284118121552394,39
85,159371,159594,223,-4.456330461479439,-3.0671823040370043,34.538677253044746,748
86,159636,160059,423,-4.385564686782317,-10.160434259773979,66.6534450858025,42
87,160135,160313,178,-12.538249278870609,-4.286772951169127,18.875335319574354,76
88,160392,160618,226,-9.406452262209456,-6.163620616219305,33.23500349941851,79
89,161676,162409,733,-0.6715894238564033,-9.384182531547339,85.90654301286095,1058
90,162450,162619,169,0.5854317692220405,-6.463281214436336,-84.82438026353007,41
91,162801,163442,641,-1.0650463240461505,-5.686917979246488,79.39251902126355,182
92,163496,163607,111,1.3901815254004788,-4.893303401444086,-74.14021645511262,54
93,163643,164251,608,-4.240320732599656,-7.528047649684737,60.60875911322891,36
94,164303,167451,3148,0.2302703965754347,-15.496941662134645,-89.14869970625152,52
95,167523,167694,171,-0.541657561680978,-2.189830406342111,76.10667357839264,72
96,167740,168103,363,-2.6393129255262977,-5.708695195681287,65.18738489978628,46
97,168157,171430,3273,-16.569853177075444,-10.950747553237761,33.460069963873295,54
98,171493,173889,2396,-2.7794881229432633,-7.970090354974786,70.77430083528027,63
99,173959,175529,1570,1.6295208831735977,-4.100394789344136,-68.32683756798333,70
100,175592,179244,3652,0.16438673531328618,-7.13063873746168,-88.67936121174021,63
101,179304,182551,3247,-2.348852955229077,-3.4002649221203,55.36385449544418,60
102,182683,185462,2779,-2.4602095057994973,-4.445859592178891,61.0411327615554,132
103,185533,187995,2462,-0.3175162369038418,-3.1585808170681275,84.25962774456299,71
104,188048,192157,4109,-1.625992209601975,-7.02781734314101,76.97296863596918,53
105,192214,193344,1130,-1.2171122578347706,-3.2632776384906492,69.54587646589862,57
106,193422,193529,107,2.5057231444292114,-4.014674504782704,-58.03002061676602,78
107,193544,193674,130,-2.6403780463056847,-4.481753109636202,59.495978680846584,15
108,193696,193901,205,-2.5993005818521056,-4.3026571330923105,58.863187822659384,22
109,193924,194103,179,-5.876403121218118,-3.3301748358443035,29.54035472625801,23
110,194137,194255,118,-3.011546523375074,-2.137320387545344,35.363648993159345,34
111,195988,196172,184,1.2432938668196272,-3.317183363113543,-69.45379672686764,1733
112,196198,196751,553,0.2793056864834824,-2.7968903709618473,-84.29718235429836,26
113,196776,196926,150,-3.465168571329883,2.2151791964779193,-32.58957142091054,25
114,196999,197346,347,0.7677138824775795,-3.63824863522413,-78.08470152652974,73
115,198239,198584,345,-4.531509804359999,-3.385337223152419,36.76216091217254,893
116,198642,198818,176,-1.0153472984551968,-0.6699530329564709,33.417885290289675,58
117,198911,199626,715,-6.946936846740215,-6.850931698807528,44.601344149382726,93
118,203696,203785,89,-0.376506154611576,-0.054020085146731844,8.164920864677894,4070
119,203800,203869,69,1.2752790149835818,-2.5815601199799687,-63.71083652657615,15
120,203903,204048,145,-0.38717914890992233,-4.785157090200926,85.37413110589331,34
121,204084,204520,436,2.1652009343052185,-6.31349445074315,-71.07069236228273,36
122,204559,204972,413,-1.5855811046170203,-3.9256009245248435,68.00582995152527,39
123,205456,208346,2890,2.0422208359768206,-13.81365775608532,-81.5902688932856,484
124,208422,208551,129,0.023122029514055953,0.23606962732179682,84.40596183812826,76
125,208580,208829,249,0.4286826411159552,-6.167752511221153,-86.02411583605911,29
126,208903,209320,417,-2.541521555563392,-3.886507506983037,56.81794036649205,74
127,209366,209871,505,-0.22134946888260743,-4.190101713857388,86.97606084382623,46
128,209929,210106,177,-2.7921374910712444,-5.263712224936796,62.05627374404151,58
129,210148,210531,383,-6.19379198249581,-3.1628617542470465,27.051142598533122,42
130,210585,211120,535,-5.786503781546557,-3.66503055963517,32.34917368421729,54
131,213119,215035,1916,-0.4814917608167093,-2.7593830839461475,80.10196831305296,1999
132,215093,215215,122,-0.9339473029526459,-3.141362738887011,73.44244849510753,58
133,215265,215497,232,2.2652812811536194,-0.6734892632188689,-16.55770488563071,50
134,215582,216002,420,2.169021909094397,-2.710523141227384,-51.33241530257103,85
135,216046,217267,1221,-0.8500973692122642,-2.0914669297692967,67.8802313252327,44
136,217347,217736,389,-3.3243257516861746,-5.8511509359422575,60.3969692583675,80
137,218329,219845,1516,0.28689375832506414,-9.435154377209471,-88.25834982078142,593
138,223155,225377,2222,-0.8474445484832813,-8.196108695117545,84.09682449219883,3310
139,225509,225748,239,-0.6167676847621237,-1.5141096417638096,67.83663352211406,132
140,225783,226612,829,0.4872894511742061,-1.6060173457286169,-73.1214255199501,35
141,226665,232254,5589,-0.8391881037917273,-14.042268895397427,86.57998158328509,53
142,232309,234587,2278,4.238097014528222,-7.469220848840706,-60.42906895132557,55
143,234697,238215,3518,1.8621424867944256,-8.893693912857117,-78.17436624431389,110
144,238266,238554,288,-1.013466380157368,-3.9444545999994887,75.59042623899008,51
145,238613,239221,608,1.4499628378335387,0.16590038054008005,6.527226095958187,59
146,239256,239720,464,3.0901496636275994,-5.619389071625193,-61.19323260090728,35
147,240345,241682,1337,-1.5352971048185964,-6.06492625669739,75.794363744311,625
148,241754,244744,2990,1.8256038159035768,-10.54525638335835,-80.17825539706622,72
149,244792,248603,3811,0.07101720921686194,-9.951280738383502,-89.5911162198229,48
150,248670,253077,4407,4.44804677946297,-7.262014680484555,-58.512170400599416,67
151,253154,255143,1989,1.5769739349256469,-5.87464091592031,-74.97389926552475,77
152,255205,258361,3156,1.822348080437223,-8.894585659052382,-78.42131529017082,62
153,258418,261715,3297,1.2142020387249346,-6.309021058405051,-79.10633939489435,57
154,261801,265081,3280,-2.3574004564111704,-3.9198975334881254,58.97757718151098,86
155,265166,270471,5305,1.2976202434951603,-7.451403071508793,-80.121326023372,85
0,147,325,178,2.9747319153344165,-4.545352605645135,-56.79703003209223,147
1,351,466,115,-4.557782930857584,-2.35705504229216,27.34572125451869,26
2,589,707,118,-8.964282915813229,-7.538555050734104,40.06231219337962,123
3,856,1005,149,-10.063983175588163,-0.8117162141610095,4.611241357059497,149
4,1298,1373,75,-4.086059245980763,-0.22544034185600026,3.1579810088160003,293
5,1402,1482,80,-3.923663259068519,-2.625004649705872,33.7832683736157,29
6,1511,1584,73,-6.54941462049301,-1.5060745310354378,12.950348057088831,29
7,1701,1745,44,-2.448052430203205,-2.95368516595407,50.3476218965973,117
8,1777,1830,53,-5.199739176882218,-2.4823177049844958,25.519470406479154,32
9,1862,1983,121,-6.56400403027402,1.0622709764150216,-9.192636562960931,32
10,2075,2125,50,-7.504671227862389,-4.519830633730393,31.059250985384562,92
11,2213,2313,100,-8.190213866511726,-6.97583618171744,40.42197322483517,88
12,2864,3676,812,-15.964659218516445,2.473375242798582,-8.806713260881214,551
13,3719,3791,72,-1.740309206451883,1.7179040844157356,-44.628796472847306,43
14,3818,3960,142,2.058475664616779,-0.021149727664237616,-0.588662531138685,27
15,4859,4966,107,1.5198768303006176,-6.699517207855308,-77.21802389342417,899
16,4992,5174,182,-3.9259360017898217,-5.621166116188533,55.068773541868026,26
17,5399,5513,114,1.1790386812162552,-2.6709240849232714,-66.18167080491274,225
18,5546,5929,383,-2.211206312110349,-6.838194080827861,72.08080779217005,33
19,6292,6538,246,-0.5792934358270685,-7.465821603481743,85.56315434084509,363
20,6682,6854,172,-2.3891128603737712,-1.4793474655296848,31.765943829355344,144
21,7008,7278,270,-3.2034784648152623,-1.5774703180861138,26.21675086886334,154
22,7735,8002,267,-1.722592927461605,-3.461566552876988,63.543504626284935,457
23,8156,8335,179,-1.6063772743500948,-1.4423214011808057,41.91978350962174,154
24,8382,8468,86,-0.922477718540037,-1.6535449616667677,60.843777447286485,47
25,8499,8555,56,-3.767469093491286,1.4178747294290588,-20.62366482005996,31
26,8577,8688,111,-2.948537281086786,-4.109625603934148,54.341656487514676,22
27,8861,8949,88,-0.8286583011474278,-2.33605722847949,70.4691230412211,173
28,8989,9235,246,-3.291367872166134,-2.6296928707906346,38.62368536823222,40
29,9623,10200,577,-4.69762930306409,-4.616352108060056,44.500028844916756,388
30,10723,12246,1523,-8.566073593103368,-4.29296216581821,26.61813670369181,523
31,14138,14433,295,-3.3586521104314926,-4.268363525049196,51.801813660456645,1892
32,14481,16952,2471,-16.50701309435904,-11.397112958357525,34.622776398161584,48
33,17056,19750,2694,-15.306309121020789,-7.317518679468677,25.55116018274638,104
34,19813,20085,272,-0.2559517327385663,-4.040528353734558,86.37537857442717,63
35,20122,20227,105,-0.8350427942391008,-3.728564012937852,77.3764391506997,37
36,20249,20391,142,-4.224067279536527,-0.440400542703685,5.952143654843994,22
37,20416,20576,160,1.7749313378574527,-5.967582828641341,-73.43600320581487,25
38,20621,20759,138,-0.5878928529251937,-1.9176746343890159,72.95626816348167,45
39,21007,21351,344,-0.9714286617851968,-0.3805253654926588,21.391135611597548,248
40,21390,21512,122,-0.7433775907463485,-2.5500035814566075,73.74752883171682,39
41,21715,21766,51,0.392153968712762,-3.800083329227661,-84.10815205570229,203
42,21790,21887,97,-4.639435463905514,-4.995806943568326,47.11819046578423,24
43,22318,22656,338,-1.0181127027284163,-5.105618915955361,78.72256222135218,431
44,22685,22824,139,-0.18474950823903669,-2.4824002516985217,85.74368072261329,29
45,23326,23609,283,-3.865871937488194,-3.122911668307225,38.93181857893981,502
46,23836,24383,547,-1.8081521257250017,-4.820118016220093,69.43762024860114,227
47,24657,24782,125,-2.1894686971025408,-1.3648051699568384,31.937347697349463,274
48,24941,25457,516,-6.510616095612676,-2.3544266564676093,19.881452611842057,159
49,25509,25704,195,-0.7129901828958509,-1.8836615401466332,69.26769944747406,52
50,25743,25853,110,-3.680904260200606,0.6461977120890623,-9.957044968395536,39
51,26786,26936,150,-0.3496226552982904,-4.86742731374909,85.89155490281014,933
52,27187,27570,383,0.37786466178958733,-3.8854896780771213,-84.44544077548572,251
53,27647,27763,116,1.7723666757131582,-2.987388126558727,-59.32006317556247,77
54,27910,28060,150,0.13489857385239645,-2.168328240796839,-86.44003610890628,147
55,28100,28441,341,-0.6530866180821278,-0.1029823920292472,8.96093820064236,40
56,28471,28718,247,-1.9964651937561229,-2.3360072100157936,49.481191991398155,30
57,28743,29176,433,-0.6566264140352587,-6.71091795314959,84.41171102844005,25
58,29247,33146,3899,-8.420511991682062,-11.81741155745307,54.52817823862645,71
59,33300,33496,196,2.0057820404888247,-1.3848178275555512,-34.621700063096235,154
60,33543,34203,660,-3.0124393873214075,-4.844171179972079,58.12380439474437,47
61,34363,34855,492,-7.2316997458746215,5.118836592728883,-35.29212427643736,160
62,35115,35377,262,-3.957110592106446,-3.3658062088506,40.38354712666476,260
63,35942,36060,118,0.656566093760091,-1.9159047021746005,-71.08379919111118,565
64,36482,36597,115,-6.0021080446892086,-2.078509800547664,19.100797321794406,422
65,36621,36783,162,-2.8485076431834386,-2.2373693565182577,38.14797516584562,24
66,37156,37566,410,-3.254735302298741,-0.11304811182267827,1.9892790836291485,373
67,37603,37812,209,-1.9035840947013156,-0.6791014696846815,19.633801222220942,37
68,38306,38517,211,-0.7287230717072077,-0.0559440549436232,4.389984989818875,494
69,38765,39109,344,-0.9546048104611486,-4.0088093129574816,76.60579257394407,248
70,39152,39652,500,-2.7196040651014073,-2.91274228671854,46.963954265073305,43
71,39678,40099,421,-4.561837638790124,-7.093812168225469,57.256031624332664,26
72,40145,41003,858,-4.431939408230846,-4.627892072624604,46.239041858257515,46
73,41049,41600,551,-4.579821044703053,-8.298199709431714,61.10545788315053,46
74,42100,42195,95,2.4762259637826816,-0.52368783937861,-11.941315918329485,500
75,42213,42319,106,1.990365488855673,-4.565975848456418,-66.44701586444097,18
76,42642,42752,110,0.9744556363427392,1.3326803166586245,53.82573454871735,323
77,42789,43044,255,-4.142392168471886,-3.0455173835860023,36.32360092932018,37
78,43112,43345,233,-6.299097164871412,-1.3009327406977462,11.669055248631619,68
79,43505,43727,222,-2.232769922392876,-0.9318942100317571,22.654259320786633,160
80,43769,43940,171,-3.8693434484140994,1.7392069470944733,-24.20314199868199,42
81,44594,44718,124,-0.19543081004717067,-0.8900869097975459,77.61642561116591,654
82,44748,44951,203,-0.06742224327226154,-6.856631272242936,89.4366205016853,30
83,45276,46737,1461,-2.095108262559549,-6.861101126395482,73.01940649910023,325
84,46842,52927,6085,-11.611507505176647,-11.414640015784698,44.51014812935063,105
85,53014,53389,375,1.624970473712878,-3.8539840387018103,-67.1380607711803,87
86,53428,53495,67,-2.0312984657788604,0.07433920793302207,-2.095912006796352,39
87,53511,53888,377,0.9833366910883257,-4.949603652018965,-78.76337059529301,16
88,53944,54098,154,0.49840712270707854,-2.3730341846824103,-78.13860345476719,56
89,54112,54381,269,-9.11928511160393,-7.034298852819859,37.64534297554301,14
90,54421,54970,549,-1.89878322290609,-2.931764650561206,57.070532082136566,40
91,60931,66730,5799,-5.246626337201306,-7.472580261567828,54.926650984374994,5961
92,66836,67514,678,-0.20358148564022827,-2.7808052805087016,85.81287196160157,106
93,67606,70947,3341,-4.673047667723637,-6.234545117001957,53.14693441013327,92
94,71050,71201,151,0.8281377596506019,-2.5639227263492046,-72.0997312028106,103
95,71233,71583,350,-0.360073317254745,-6.465273734255987,86.81229420692853,32
96,72308,72486,178,-0.8937214242741902,-5.786486022527114,81.22005589967358,725
97,73986,75721,1735,-4.218881642702243,-1.5350841557701216,19.994445232868202,1500
98,75858,76824,966,1.8307853983061335,-7.303612277701433,-75.92771405320839,137
99,76907,81518,4611,0.4689889425871172,-13.564700162501921,-88.01983181528504,83
100,81633,82687,1054,0.8068271498147084,-2.8978354417339602,-74.44151726588245,115
101,82814,82911,97,3.2834650874878406,-2.5581275735790996,-37.92193832173049,127
102,82949,83087,138,3.542886749753009,-3.731991887076319,-46.489026468904555,38
103,84309,90416,6107,0.2552338764959785,-12.525939487836723,-88.83267833928129,1222
104,90524,91097,573,0.794689477861084,-2.8053878798274354,-74.1840280513494,108
105,91200,98478,7278,-6.185122173695746,-10.08735563207702,58.48520831535825,103
106,98586,98671,85,-0.07715426890688093,-0.8855632606796888,85.02070638435056,108
107,98702,98791,89,-5.076988227290002,-2.6045637028774564,27.158437760075632,31
108,98810,99025,215,-1.868728719903359,-5.895466873149445,72.41257076193749,19
109,99045,99249,204,-0.35804604394891726,-3.4364244200531715,84.05173219826513,20
110,99278,99419,141,-0.6175969973559887,-2.194580590092116,74.28238157674132,29
111,99674,99750,76,-1.647547952693003,-3.9386273304994006,67.30019251088629,255
112,99772,99889,117,-1.2268272426755544,-4.542819413935902,74.88729797298897,22
113,99917,100354,437,-0.3793669638732382,-6.1184666785792245,86.45199742443458,28
114,100389,100564,175,-2.068486399099015,-2.4646856653372993,49.994958852815145,35
115,100785,100957,172,-1.5836237220445923,-1.6069090939306534,45.418152679625884,221
116,100989,101169,180,-4.419508448332408,-3.003591389799965,34.20085623178266,32
117,101197,101260,63,-6.297776329938543,-1.7378577167354905,15.426727511708137,28
118,101288,101364,76,-4.251091516726831,-6.183327274060886,55.491137138180804,28
119,101387,101461,74,-0.46726850694400923,-1.8171226276153192,75.57897835916106,23
120,102341,102478,137,0.30838405235031985,0.024238657027183308,4.494147613649326,880
121,102506,102618,112,-6.89546400822006,-0.13671989168535958,1.1358838907508808,28
122,102669,102768,99,-2.1400888944185965,2.745703698023206,-52.066014059752526,51
123,102997,103463,466,-2.2147302263494026,-2.2522496881706644,45.48123257831309,229
124,107059,110945,3886,-5.075061953743756,-8.065364489702645,57.82019433025247,3596
125,111009,115902,4893,-3.2462406339365657,-5.672019805109201,60.21640048024342,64
126,116009,118178,2169,-0.7569526594588041,-6.715589313215489,83.56900671851423,107
127,118241,120474,2233,-2.6662392962860935,-7.79991788302533,71.12807643835828,63
128,120534,121130,596,-0.02744642254786811,-3.7153566827745266,89.5767470787063,60
129,121193,125536,4343,-5.838953973408778,-7.065008573575639,50.42759647476049,63
130,125604,130057,4453,-1.8623330365282698,-10.189997676217459,79.64287748433777,68
131,130171,135110,4939,-5.5988821096138395,-6.063157449797913,47.27978797439864,114
132,135183,135497,314,1.704814582558754,-1.675856526984532,-44.50922945885266,73
133,135539,135832,293,-0.08993597509896745,-1.998874019426637,87.42381022648729,42
134,135873,143472,7599,0.7581311377601168,-11.152407600605244,-86.11106497889998,41
135,143569,145291,1722,2.0167029531323237,-3.026043561838563,-56.31857724211134,97
136,145367,149963,4596,1.3012747261061293,-8.546272634283497,-81.34251132288345,76
137,150031,150715,684,-1.368357597775045,0.21274818850174881,-8.837422162436814,68
138,152223,154752,2529,1.0831683256343894,-7.446769412133378,-81.72409311565004,1508
139,154852,157552,2700,-0.9769506790563298,-4.0858253973722185,76.55263878195684,100
140,157614,161063,3449,-2.362545815600356,-6.143314892511981,68.96466320084167,62
141,161131,165069,3938,-3.415760402507445,-5.4407247669078345,57.8788434614134,68
142,165153,165376,223,-0.2880494261861628,-4.713074541243543,86.50259866421315,84
143,165401,165612,211,-3.428545289766163,-3.7247355318425974,47.37104661831603,25
144,165699,166253,554,-0.05578100693226418,-5.5417264248189895,89.42330095374668,87
145,167107,168226,1119,-0.9262161252721484,-3.9084035871181584,76.6679511434606,854
146,170261,170431,170,-0.37454845855164365,-1.727000419781021,77.76331031233973,2035
147,170799,171051,252,-3.032085300612863,-3.9053986804313325,52.17484169714802,368
148,171231,171371,140,1.0042438317007054,-3.363711422870878,-73.37688353160578,180
149,171423,172225,802,-3.2344115808381986,-6.162125946146631,62.30566284501552,52
150,172280,172409,129,-1.677527983281422,0.4106666129983694,-13.755740059600486,55
151,173185,173273,88,-1.894167953198405,-3.1985327957173695,59.36602469808399,776
152,179214,179680,466,-1.686562386525054,-4.9173562851114525,71.0689785717856,5941
153,179709,180269,560,1.0114422118910795,-8.412417984827016,-83.14412052038642,29
154,180313,180450,137,2.372892484861211,-6.910859721268494,-71.04972917288175,44
155,180514,180835,321,0.9041725149305364,-9.343340279009283,-84.47259171785223,64
156,181021,181164,143,-2.1087216742152464,-3.7578793779745894,60.70118135229353,186
157,181212,181395,183,-2.342077200463507,-1.8249644743161895,37.9259943113254,48
158,181420,181557,137,0.5177907629956309,-5.9340917723898485,-85.01317549086575,25
159,181611,182175,564,-4.571275811711885,-7.383927608349225,58.238988440487724,54
160,182237,182469,232,-5.523813770400707,-0.6287926268746844,6.494199669469534,62
161,182514,182610,96,-2.7347061994802573,0.8869906909894354,-17.970257277613648,45
162,182637,183015,378,-0.2569381703098941,-4.103781496498442,86.41738194249102,27
163,183072,186902,3830,-2.3876934588601983,-16.564106217438024,81.7973931517147,57
164,186955,187029,74,1.3072920092291724,-3.1586977273457535,-67.51677638248533,53
165,187048,187648,600,2.8908400430654524,-11.922824993036869,-76.37092535490962,19
166,188076,188472,396,-3.8767723597250097,-6.957043289981954,60.87151350101066,428
167,188538,188641,103,-1.5729817517687223,-1.3233535373889964,40.073986978842754,66
168,188654,188834,180,-6.563691384758471,-8.292088279608464,51.63624632078358,13
169,188885,188981,96,-1.39482251410341,-1.900504697153167,53.72422940492658,51
170,189142,189337,195,0.21585955051060068,-4.520135410730006,-87.26591106129202,161
171,189377,189539,162,-1.9202219245731555,-3.5485757244525615,61.58108574653963,40
172,189578,190097,519,-1.085775009539546,-5.509650801542946,78.85169680640513,39
173,192503,192571,68,-1.1047958037886048,-3.005437738455214,69.81662446497225,2406
174,192741,192869,128,-1.3605846710383958,0.05823810831196852,-2.4509773425460875,170
175,193089,193205,116,1.2690380891227875,-3.078541448445506,-67.59753628062651,220
176,193452,193736,284,1.3857303145234567,-3.5429311528330345,-68.6382704662714,247
177,193991,194145,154,0.823877467643797,-2.681928231476661,-72.92325470259485,255
178,194169,194343,174,-5.3951154760678435,-6.58258951780968,50.66182318370204,24
179,194371,194723,352,-0.6102474388803643,-6.77758949970567,84.85501838306953,28
180,195235,195561,326,0.32851860632351304,-2.7453453489993365,-83.17621365866994,512
181,195745,196442,697,-6.667390737743602,-2.991172746481965,24.162300970765955,184
182,196485,196633,148,-1.7790855427477084,-6.790867233149314,75.31946114872834,43
183,196725,197251,526,0.045184350520301564,-7.89108415822966,-89.6719279328871,92
184,197320,197388,68,-3.9498618148898146,-2.8405940989576095,35.72228752788144,69
185,197767,198115,348,-0.21564202834473178,-5.157462368561198,87.60576329589694,379
186,198232,198406,174,-2.3504020852858503,-2.7491538419812116,49.47105586347344,117
187,198684,198952,268,-3.842878981196577,-3.215214780087962,39.918152390093425,278
188,198981,199245,264,-8.507697858524239,-5.70039754247216,33.82320063277315,29
189,199319,199424,105,-0.5787093373970578,-3.0074145004970774,79.10785189153421,74
190,199603,199830,227,1.8064835990249861,-2.472130496081263,-53.84292205292836,179
191,199867,200202,335,0.21705939248695927,-3.791427235151474,-86.72339050000691,37
192,200380,200797,417,0.6418022453181322,2.128847327494043,73.22305669107261,178
193,201007,201103,96,-1.7866028558642881,-2.204649600505661,50.979400160484346,210
194,201127,201281,154,-1.4544563112254565,-5.840256311701893,76.01554698814765,24
195,201317,201493,176,-2.7268193375546446,-2.546778175197005,43.04467562290454,36
196,201578,201647,69,-1.6933831492164728,-5.4702656161290975,72.79949268965655,85
197,201854,202007,153,2.049326186724741,-1.4343622067125636,-34.98890293028444,207
198,202045,202204,159,-5.765405260500572,-6.564684743135913,48.70892320574011,38
199,202230,202476,246,-5.641139917489966,-3.5744453041342865,32.35993453104931,26
200,203874,204096,222,-2.9184729376269445,-6.953720375988041,67.23223168353223,1398
201,204142,206268,2126,-2.160063525357785,-12.123017699926521,79.89713619915263,46
202,206579,206861,282,2.6939483639656743,-4.513944986599242,-59.17100410276083,311
203,206891,206966,75,0.05304948643913576,-3.1532620464317773,-89.03616479755846,30
204,206991,207181,190,-0.7116138039273778,-8.372854445151333,85.14207260740348,25
205,207210,207439,229,-2.503208217393876,-5.749709358691732,66.47349401548922,29
206,207498,207588,90,-1.7220504254633937,-3.590511740584688,64.37709195846047,59
207,207843,207972,129,-1.6791177759421032,-3.594746290552976,64.96256763379219,255
208,208118,208289,171,-2.450950605992844,-3.4753867360880406,54.80732168431962,146
209,208631,208704,73,-2.922509719053977,-2.6611580823603163,42.32014418578043,342
210,208928,209017,89,1.6436998983150346,-5.0655760026853045,-72.02256693367454,224
211,209047,209152,105,-7.999109680382091,-8.933304621635443,48.15792041553156,30
212,210225,215787,5562,-7.879113053146909,-20.15201029187496,68.64529812069883,1073
213,215883,215980,97,-2.658982991947397,-2.548018092302968,43.77917094263374,96
214,215999,216295,296,1.320521165005701,-9.58441606467018,-82.15529440636698,19
215,216344,216615,271,-2.3041940773547225,-4.143632882048706,60.92241089769791,49
216,216627,216725,98,-3.01123822155661,-8.637195724656806,70.77960099164805,12
217,216765,216987,222,-1.8912188934114624,-9.4012069580412,78.62575264003323,40
218,217031,217348,317,1.9577331455603542,-7.600967246312919,-75.5566128636805,44
219,217379,217892,513,-1.7514012454346215,-5.788460947890641,73.16588098393713,31
220,222160,228572,6412,-9.050778566068217,-8.973891407760547,44.755597025799545,4268
221,228661,228797,136,1.2995322479097808,-2.8586361310939594,-65.5535172672209,89
222,228823,228968,145,-0.8178122298377417,-4.163111612640876,78.88618872202615,26
223,228984,229454,470,-0.7274425782880201,-5.868805174156677,82.93418614567004,16
224,229509,229595,86,-1.3541524322581466,-0.7935839660802344,30.37189761886316,55
225,229891,230073,182,-0.8007565972118584,-3.3739479214584946,76.6487201826844,296
226,230112,230208,96,-2.965295864377026,-4.149300262354785,54.448518251117136,39
227,230384,230526,142,-5.158388385988161,-3.3192521291658466,32.75993940658195,176
228,230542,230717,175,-1.9108233356694768,-3.2161651576913926,59.28414148946274,16
229,230953,231013,60,-2.6781087884376547,-1.1281853514065574,22.84384084261836,236
230,231038,231109,71,9.43456914025515,-5.379914735164391,-29.69327065540178,25
231,231131,231523,392,1.1507720317953414,-5.7191300625574115,-78.62317252194575,22
232,231763,231854,91,-4.83948803480196,-3.5576309433874798,36.32055378978148,240
233,232636,232879,243,-1.8975982310741415,-6.294304962457048,73.22306505856044,782
234,232986,233245,259,-1.3402112513649485,-1.1599652607806803,40.876491857037216,107
235,234359,238435,4076,-6.038944936874003,-9.459497956704539,57.44583291439956,1114
236,238504,238659,155,0.6560616239241597,-3.1455866973581834,-78.21894952993561,69
237,238695,238937,242,3.803024430365241,-6.10990592264443,-58.100385663167046,36
238,238990,239210,220,0.9001787333719165,-5.83076472640407,-81.2237176413953,53
239,239724,240028,304,-0.4574571481280003,0.635146161230324,-54.23708860801948,514
240,240425,240640,215,-4.5993771051398795,-3.766261623916293,39.31279181235041,397
241,240725,241686,961,-1.6176628034573497,-6.680822883895843,76.38864444460374,85
242,242024,249058,7034,-6.9232864667669105,-15.81872219703699,66.3627320849209,338
243,249181,251342,2161,0.4292707114510961,-6.713961801044377,-86.34165819428569,123
244,251451,254726,3275,-2.181523621325397,-10.765190726826802,78.54436429922073,109
245,254798,257462,2664,-0.0030601220269943497,-8.086879622143968,89.97831894664377,72
246,257660,263110,5450,-5.078264231275028,-9.738579076376269,62.459831253078974,198
247,263203,270148,6945,-3.854951963530894,-8.381604117158474,65.30087570298463,93