,start,end,length,delta_x,delta_y,angle,interval
0,142,266,124,-0.6975418677104699,0.6994927883934849,-45.08001193682024,142
1,1448,1509,61,0.38890303554437367,0.7313755012656742,61.998547484393214,1182
2,1616,1690,74,1.0781262300762648,1.3914589509956699,52.23086228793542,107
3,1964,2082,118,0.3351613488582075,-0.08512332504814424,-14.250511658469827,274
4,2297,2909,612,-10.921333784919725,-3.981854491669523,20.03156010229242,215
5,3003,5615,2612,-6.419366341250367,-5.452380993280599,40.34338659785638,94
6,5669,6014,345,-0.6584027143036053,-3.4232222615220707,79.11300835109822,54
7,6057,10776,4719,-5.214176896124698,-7.514307790959165,55.24322582804157,43
8,10832,11097,265,1.2627351459572793,-3.1842097141089596,-68.36862658876319,56
9,11409,11549,140,-6.084548079147837,0.9547836077083645,-8.918094821373453,312
10,12560,12825,265,0.3738362631998484,1.5854536721954844,76.73248823493206,1011
11,13436,13492,56,1.232074239111455,0.6288566650397911,27.039986713634562,611
12,13574,13690,116,6.864796829496868,1.3556637696161005,11.171063008010739,82
13,13885,14072,187,-1.1044896731787048,0.7815761318206427,-35.28458124714148,195
14,14104,14274,170,1.2999592385360472,-0.728611995011434,-29.27012198721691,32
15,14300,14923,623,-3.898629113017705,0.2126552469154035,-3.1221707549847153,26
16,14962,16828,1866,3.982127682488823,0.10054909015983071,1.4464163577417493,39
17,17041,24442,7401,-4.4566716508106765,2.8603601252523845,-32.69296912858078,213
18,30410,33205,2795,3.4739484790381994,-1.9539585559156762,-29.35603126103641,5968
19,38082,38156,74,-2.2199470069494964,-1.57195505575163,35.30249196127908,4877
20,38180,38277,97,-5.121898594692283,1.7670590664125712,-19.034474853446703,24
21,39825,39991,166,0.03607240057363015,-2.5971767730210757,-89.20426539807451,1548
22,40144,40290,146,-1.298345457470944,1.8549297878005717,-55.01016472539143,153
23,40319,40369,50,-1.1246593667214313,1.6343118300236057,-55.46601277407172,29
24,40524,40694,170,-0.9947383567095471,1.1961060727909114,-50.251488396766966,155
25,42622,42839,217,1.502962361103883,-1.8321221474453608,-50.63661453042196,1928
26,48855,49046,191,-0.48144871232896946,-3.034543507997128,80.9848189056299,6016
27,49245,49326,81,2.3629284509021176,1.0500078272383178,23.95879164983777,199
28,49671,49768,97,-0.009861670954592228,1.781358339395652,-89.68281151527111,345
29,49875,50013,138,0.4676041842310781,-1.012692591078931,-65.21517711803529,107
30,50119,50292,173,-1.7707855196868252,1.7971594569642804,-45.4235176784671,106
31,50492,50617,125,-0.10580310746691168,-0.3317585296505996,72.31168489166507,200
32,51415,51770,355,-3.3825823934623855,-2.1157435243290195,32.02522734049126,798
33,55007,56072,1065,0.45865071008796576,-1.1296904304198563,-67.90300449814949,3237
34,59159,59233,74,1.9611616401472816,-1.0072610390087817,-27.18522689247153,3087
35,65284,68747,3463,1.397848070552115,-2.880577712340326,-64.11425117510748,6051
36,70917,72579,1662,3.328162959929543,-1.6777168944788485,-26.752534954781336,2170
37,73893,74246,353,-5.6867597607753595,-0.639797840147537,6.419158508780136,1314
38,74319,74616,297,1.4594379070015577,-2.4765565330949073,-59.489101104090594,73
39,76137,79749,3612,1.1862356914701593,0.3120386284933545,14.737750879191939,1521
40,79863,82497,2634,4.305203306544598,-3.0627809719819936,-35.42857124853352,114
41,88159,90991,2832,1.3850309337368287,-1.8754208666461523,-53.55348729964725,5662
42,114687,114777,90,1.941975491032565,-1.2966056911179322,-33.729988741722444,23696
43,115830,116076,246,-1.9084088485346484,-1.3259629251176648,34.79158216240727,1053
44,116692,118284,1592,4.124456191511271,-2.813402056213718,-34.29894579405311,616
45,118529,120142,1613,2.1272818219499356,-1.1471723197212498,-28.336508398259316,245
46,125414,126129,715,1.9362435020230322,-1.7781115842088013,-42.56220841072042,5272
47,126671,128204,1533,4.000299604930859,-3.160180619774323,-38.30824110158939,542
48,128316,132042,3726,7.627165109181334,-3.812198805751862,-26.55673472181625,112
49,132132,133590,1458,4.347642471429225,-1.0186452282612066,-13.186444739224418,90
50,152559,152782,223,0.3385754093883122,-2.5916410136127155,-82.55695643903901,18969
51,153735,154020,285,-5.393583855450558,-1.160845809153983,12.14632059655646,953
52,154302,156515,2213,1.0534908107014758,-3.364256982837631,-72.61246009872524,282
53,169990,171840,1850,1.8664983979428769,-0.9301110629272671,-26.487934435308773,13475
54,188155,188380,225,-9.574483277543678,-5.843010362904224,31.394422662399045,16315
55,188651,188815,164,4.799771556022677,-0.3659804577481509,-4.3603405692912975,271
56,189144,189336,192,-2.759634710783544,-4.473520298400842,58.33030599210693,329
57,189430,190040,610,4.7639045064778,-4.314606864749521,-42.16673018147483,94
58,191575,191825,250,-2.4785794328491306,-0.34862212814267934,8.006358583390112,1535
59,192135,192564,429,-3.118866924827614,0.22090812221320277,-4.051471467053014,310
60,192730,196285,3555,-4.665285454814608,1.029009474642379,-12.438418849345371,166
61,198360,200894,2534,3.624546709358185,-2.7297186819428845,-36.98413527294653,2075
62,217849,220029,2180,1.9435199638222826,-0.8134336747498878,-22.711080464143613,16955
63,230120,231634,1514,3.6042574536558902,-1.137697409998438,-17.518497284235714,10091
64,237316,237693,377,2.0978583380296243,-2.7631777261736232,-52.79352409485942,5682
65,237846,238054,208,1.5316610741192846,-5.389063581515671,-74.13397271067748,153
66,238085,238281,196,0.1807782554850519,-3.5392982770883634,-87.07601993320316,31
67,238547,238753,206,-0.588695998066953,1.0581323972493664,-60.91045776601006,266
68,238787,239013,226,-2.2462079146940113,-2.1932457845608866,44.31650090539086,34
69,239993,243506,3513,-0.5323773613471587,-1.566931026823056,71.23439618989609,980
70,243606,249587,5981,-1.292868225670631,-3.053667359127928,67.05306843883035,100
71,265698,265951,253,1.879123832066341,-3.5212873864006866,-61.91353084377522,16111
72,266998,267215,217,-1.422116341082841,-4.266992629285028,71.5676438555024,1047
73,267730,267920,190,-4.253658420960917,-3.352559312659807,38.2437309072252,515
0,468,554,86,-1.779434163657129,-1.4685596037258506,39.53271539418611,468
1,583,746,163,-6.587437922573372,-3.6530935622162986,29.01075808988388,29
2,1026,2976,1950,-12.141650035680314,0.5421254383869467,-2.556562119483014,280
3,3949,4096,147,-0.264860300356375,-2.447007631831113,83.82244353833687,973
4,4132,4190,58,-2.691926900188946,-0.38979643817438614,8.239276776777155,36
5,4207,4321,114,-4.061596037615715,-1.498523304524582,20.25150760630186,17
6,4658,4828,170,-2.62457283304785,-0.5884410761606773,12.636994313999661,337
7,4887,5113,226,0.7418242184015611,1.8165600607731704,67.78648803131675,59
8,5837,6094,257,0.601743651094182,-4.5029974345035555,-82.38855513226959,724
9,6311,6425,114,-2.820692097497414,0.35222690008107804,-7.117823934800429,217
10,6469,6799,330,-5.497807719162012,-3.9257897016032075,35.52928687689048,44
11,6845,6963,118,-5.193020537314851,0.8057664780999261,-8.819872605244273,46
12,7618,7699,81,-0.2987564871142183,-1.0076438756136383,73.48542839006247,655
13,8105,8233,128,-2.715418266437922,0.08495611187315433,-1.7920036195923044,406
14,8481,8622,141,-4.343302277359669,0.32408815087323717,-4.267383182777476,248
15,8699,8885,186,-4.489687981425703,1.2281698652115978,-15.29917149932368,77
16,9159,9302,143,-6.145292752692569,0.2762612122757986,-2.5739947857010894,274
17,9320,9535,215,-3.5478392512526824,-1.7677858030427132,26.48574992199397,18
18,9760,9890,130,-6.3714716991600255,1.9100735907381647,-16.687958172332426,225
19,10231,13887,3656,-9.912696581955686,-1.8797787851360255,10.737695335336605,341
20,13936,15986,2050,-8.832796618266542,-0.27626634628849445,1.7914753074848002,49
21,16675,16794,119,-1.5824555495716197,0.3311451112496968,-11.819181080199808,689
22,16827,21677,4850,-23.607406815416013,-0.8703619821664006,2.1114344507023715,33
23,22509,22636,127,-4.836417979052584,-0.3402933075539636,4.024732969526803,832
24,23354,23475,121,-3.0545353864590226,1.0586455026910357,-19.11537082119849,718
25,24083,24374,291,-7.640068278941115,0.636308118375922,-4.7609289574817755,608
26,25424,29655,4231,-12.253558682143009,0.031320120655564665,-0.14644780883949285,1050
27,30778,31185,407,-0.18445971061471766,-2.594538782859942,85.93337744722915,1123
28,31224,31446,222,-0.8627115099940141,-5.0530967221252325,80.31134918315546,39
29,31468,31569,101,-6.71089466139631,-0.24285332870746856,2.0725107864864243,22
30,31882,31938,56,-3.8689269013263754,0.09083821429379668,-1.3449957510510933,313
31,32249,32535,286,-7.5315162684428,2.377122477764715,-17.516913456007448,311
32,32594,32821,227,-8.550703140133976,-0.316436543261716,2.119382254583621,59
33,33248,39829,6581,-27.933838988317206,3.293149263323599,-6.723624534055197,427
34,40003,43831,3828,-10.07802142249308,0.25323707089256686,-1.4394058300064705,174
35,44259,44418,159,-2.82984564867715,-1.766809019675648,31.978519976642232,428
36,45235,49500,4265,-14.821363425171228,2.0315437337284834,-7.804817096910149,817
37,50581,50640,59,-1.6368574439496228,0.04483455528351499,-1.5689751565014998,1081
38,50659,50793,134,-3.4042321205787403,0.7010841326071642,-11.637070119567285,19
39,52033,52551,518,-2.4906473168912555,-0.6870748941942253,15.42215645092613,1240
40,59459,63977,4518,-0.3245188062673634,-3.6328888924671787,84.89542944670684,6908
41,64033,67462,3429,-1.479812000924241,-1.4254715869188175,43.92846488501213,56
42,68886,69257,371,-2.2723297849382504,-0.23150704831303415,5.817274888915853,1424
43,74585,74847,262,-1.7669840388930709,0.5174283690924426,-16.321686552058807,5328
44,77582,80109,2527,1.776463823322544,-2.549661242194418,-55.133336051707815,2735
45,80200,80945,745,0.09519543449810897,-1.2226952160919637,-85.54810090084369,91
46,82094,86625,4531,2.427965092988998,-6.357547437639212,-69.09800381619992,1149
47,86677,88278,1601,-1.5007673393017456,-0.631157768271521,22.809514322349138,52
48,89686,89827,141,2.249108764073739,2.4837126420053437,47.83780384590559,1408
49,89869,90125,256,-0.6341752420818807,-2.9206701672770095,77.74933331690438,42
50,90165,90509,344,-10.919781209126867,-6.812245104614448,31.957748896703322,40
51,90763,90984,221,-0.9946177736533315,0.41108921942978327,-22.45598153959888,254
52,91174,91336,162,-1.6792080003450565,-0.024236472722307667,0.826908388715848,190
53,91606,91978,372,-4.432514432394882,-2.9988952650893452,34.081005017166625,270
54,92548,95794,3246,-4.48000138955058,-2.328728065908905,27.465645811774944,570
55,95879,99091,3212,-5.154707879396568,-1.9395869614186836,20.62005678829781,85
56,101942,105744,3802,-7.24132854970938,-4.427146692595414,31.440454481615784,2851
57,105816,110198,4382,-6.338317254146432,-1.738027069808851,15.334137066550118,72
58,110265,110463,198,-0.06275986113575982,0.6418949040372581,-84.41578031082854,67
59,111020,111123,103,-1.6327000658028794,0.9409197491879127,-29.95470789391392,557
60,111288,111518,230,-2.208309653991577,-1.4599988883082915,33.47023214719257,165
61,111692,111819,127,-1.5608886133700253,1.5873425895394604,-45.48143399152052,174
62,113493,117746,4253,-7.436426263815179,-1.3498296365195728,10.288080555167868,1674
63,128936,129069,133,2.4193107913545617,0.40607704101253717,9.528178619283885,11190
64,129110,133013,3903,-8.621694009100182,-3.4103906265315374,21.581731502778304,41
65,133211,136738,3527,-3.738757404681806,-1.2548738253184553,18.55377511167832,198
66,136901,138400,1499,-4.903109853225956,0.34273019091115486,-3.9985039632120682,163
67,138556,139622,1066,-3.046810416992116,-0.6821133201827365,12.619171601573786,156
68,142642,142963,321,-6.936626522252595,-1.8200099249481383,14.701700329689682,3020
69,143202,143357,155,-6.688818859001472,0.29240579762586094,-2.5031262354629225,239
70,143886,144133,247,-5.477011774462312,0.34748371800120026,-3.630209859242227,529
71,144231,144330,99,-5.257236984667514,-0.44978978703034045,4.890106895964406,98
72,145618,145699,81,-5.52981488894963,2.083034616017642,-20.640968401788427,1288
73,146291,146404,113,-2.152736718591882,-0.586014420675582,15.227974365279296,592
74,146608,146685,77,-0.4987964009616803,2.0331293074814596,-76.21563013625776,204
75,148104,148238,134,-4.630798790415383,1.3882833113581086,-16.68838821084304,1419
76,148491,148597,106,-7.085903484736207,1.2529000856579415,-10.027163562770392,253
77,148848,149132,284,-6.739786029601532,2.739692279386759,-22.121517812520178,251
78,149235,149389,154,-4.346954745348768,1.046792931924145,-13.53964156796107,103
79,149668,149776,108,-7.010262353115877,-0.01852565708557563,0.15141223528632386,279
80,150124,150229,105,-7.964144989559912,0.5994613492213432,-4.304537462880511,348
81,150607,150946,339,-20.83973876978351,-1.9771900581056059,5.4197685681626275,378
82,151813,151932,119,-11.630522382353917,-1.9240863737113898,9.393602881870903,867
83,152349,152472,123,-0.7898600640635038,1.3258302266032018,-59.215733584897684,417
84,155115,160863,5748,-13.341693954156113,-1.2042352901430604,5.157601032622481,2643
85,161028,166196,5168,-4.085480521020898,-0.6018174331481845,8.379770511912458,165
86,166318,170735,4417,-6.1295613089109935,1.1387406977377879,-10.524340744692108,122
87,173095,179980,6885,-2.810611046019872,-0.4639497061860425,9.37333194377603,2360
88,190647,193057,2410,-1.5426587688324105,-1.159323300517471,36.92522363647594,10667
89,196983,198697,1714,2.4449218085699442,-5.243769449486152,-65.0025852194732,3926
90,204872,205779,907,-0.6349138937295606,-0.3661127358586782,29.969197349468324,6175
91,205890,211085,5195,-3.3682139985556745,-2.1947525376311887,33.08855572783427,111
92,211183,215526,4343,-3.9865667198713766,-0.6823545596195117,9.712821871726387,98
93,218932,224836,5904,-0.15791868607088588,-2.745361635776405,86.70786008579171,3406
94,226516,229592,3076,-7.207093801826602,-4.797981146854653,33.65291162094959,1680
95,232766,236094,3328,-6.206204264634735,-0.907100211123236,8.31548358833755,3174
96,241636,244487,2851,0.49398031310121837,-1.4351684260664683,-71.00670326191097,5542
97,244712,247065,2353,-2.290437866591077,0.5136077107917743,-12.638928371824449,225
98,248245,250108,1863,4.039561295242322,-8.677156235789369,-65.03614941052983,1180
99,253849,255600,1751,2.1560728887447596,-2.2148564961862007,-45.77051109209689,3741
100,255730,258057,2327,-2.07173782739396,-1.175476008428177,29.5699899624171,130
101,262162,264271,2109,-0.9367387948388455,-2.5768428183945815,70.0226860926083,4105
102,266666,268794,2128,-6.15249707155138,-0.6862512507955927,6.364480337203299,2395
0,245,425,180,-4.077702067519965,-4.118751297908389,45.28694459484963,245
1,959,1078,119,-6.700322493996509,3.589662949860781,-28.179948667028913,534
2,1104,1232,128,-8.070602577282784,-0.16978627651589306,1.2051891047460679,26
3,1476,1548,72,-4.945190086438345,3.244704183480252,-33.27021646118087,244
4,1693,1842,149,-1.017821011553437,-2.3281618870429526,66.38611237923166,145
5,1871,1988,117,-4.547889709544108,-0.07499433356839802,0.9447171490927849,29
6,2184,2522,338,-5.959158448126601,-3.7004243041814817,31.838802377541718,196
7,2552,2878,326,-17.678467642372723,0.33942844055498256,-1.09994985076453,30
8,2919,2991,72,-7.09491832432667,-2.2240291080623393,17.404533137970535,41
9,3024,3226,202,-10.88455732961873,0.39557114503276125,-2.0813512289227374,33
10,3259,3354,95,-5.718954077846206,2.9233081023194813,-27.07436099322311,33
11,5140,5592,452,-3.6033722626000753,-0.645282513437337,10.15276301301929,1786
12,5668,5821,153,-2.965496054304765,-1.8862906930638559,32.45959577607119,76
13,5864,6063,199,-12.724253960477057,-2.290304120185695,10.203705080965035,43
14,6288,6478,190,-8.444651658716879,-0.7164684661615013,4.849524381417476,225
15,6888,10747,3859,-19.19814848367173,-11.011717564405032,29.837817928681467,410
16,11060,11312,252,-3.6767354529235092,-2.5794111676146088,35.05155275668061,313
17,11862,12145,283,3.10768166613434,-3.9308581443913937,-51.67059490003964,550
18,12210,12333,123,-2.8563992349600795,0.8169797161909429,-15.961447969997993,65
19,13517,13633,116,-1.8938873422725209,-0.7984313703955195,22.85947812732674,1184
20,13662,13820,158,-3.6986934031521344,-1.0519162682935956,15.875864689681658,29
21,13851,14064,213,-7.1498803615180435,-1.9235348426720549,15.057780747585452,31
22,14534,15001,467,-8.484848024021503,0.7668762486819531,-5.164466334299222,470
23,15126,17383,2257,-2.4351700326374157,-4.91003421438198,63.62052654703562,125
24,18275,21222,2947,-3.722101133628371,-1.0625911863243687,15.933066559783848,892
25,21326,22633,1307,0.7183423623516205,-0.738543381682149,-45.79440614037836,104
26,27467,27858,391,3.1493190261290778,-4.1648648312772565,-52.90475670908509,4834
27,27910,28166,256,0.9992193270381762,-1.5806966853116364,-57.701440861886994,52
28,28202,28345,143,-2.7142624338500667,0.9794297104353547,-19.84175647752072,36
29,28649,28875,226,-1.4342386819101165,0.6112617102369597,-23.08333722874158,304
30,28917,29002,85,-2.145256598385899,-0.23285537332340311,6.194877115682417,42
31,29026,29165,139,-2.966826306893836,-0.803027450757483,15.145287266933595,24
32,30373,30551,178,0.44643887115806535,-1.2983698129965688,-71.02468881645015,1208
33,30574,30823,249,-6.170410617450031,2.8016541652234395,-24.420263860617485,23
34,30887,31190,303,0.27116290830871037,-0.4698525848121875,-60.00975112642965,64
35,31418,32095,677,-1.4887540301371587,-2.5188538932272593,59.415034972859516,228
36,32811,32960,149,-3.293089858279984,-3.039949651221363,42.71102824450024,716
37,32991,33096,105,-3.305045026793877,1.150314406442476,-19.190351151707063,31
38,41450,47113,5663,-3.4334766357741557,-1.7553387300096404,27.078042758423596,8354
39,47367,47941,574,2.8377180074949138,-5.680541076219328,-63.455549045948445,254
40,48510,54111,5601,-1.4464714455430823,-3.9786138354217826,70.02067395725493,569
41,54801,54995,194,-1.3549809903498016,-1.2246842206593982,42.10849450934396,690
42,55637,55904,267,1.364470200557193,-1.5806148798080386,-49.1975066999615,642
43,56742,57188,446,-4.520759678860287,-0.04738147529501191,0.6004873863696845,838
44,57667,57880,213,3.4114844473680535,-1.5001493337963012,-23.736775689676424,479
45,57924,59910,1986,-0.27920198409678676,-1.1444873616539013,76.29026417806763,44
46,61045,61321,276,-1.209994388487317,-0.35400269682052965,16.3076586846695,1135
47,64207,65103,896,-1.560537781445916,-1.0324154671438208,33.48769355727848,2886
48,71788,73479,1691,-0.3077304558241849,-0.9561340382782504,72.15929851477125,6685
49,73714,74404,690,8.55266144146188,-2.894562850521453,-18.697876248178424,235
50,75422,75898,476,-1.1080407552301352,-1.6607684039644823,56.289353444692736,1018
51,79887,84221,4334,-0.6846517738559612,-1.6266162812234626,67.17350571745509,3989
52,89062,91564,2502,2.069714426613274,-2.0695271812892457,-44.99740813225964,4841
53,104580,105400,820,-0.6962864071942221,-0.34748734818209925,26.52185986571841,13016
54,105891,106017,126,-1.7665821786020928,-1.2809139690872229,35.9451281744844,491
55,108381,108736,355,-3.114334198930436,-2.1348858799232175,34.430759967728015,2364
56,109863,120898,11035,-0.6046184425196515,-5.3929636138033885,83.60314084369007,1127
57,121004,122666,1662,-0.45479512581323434,-0.3150986568624603,34.71562967601136,106
58,122774,125213,2439,0.4197128587657346,-1.1081991785165997,-69.25661261767304,108
59,138334,141256,2922,-0.9044438142202011,2.0313958784824706,-65.99980938359327,13121
60,142197,142697,500,0.013529554668522792,-0.4768278407148898,-88.37472063465732,941
61,142961,143257,296,-3.7813270894846482,-0.5810761902366153,8.736297404609767,264
62,143307,143715,408,-1.5153951790783537,0.28438989697355055,-10.628906823946167,50
63,153474,156951,3477,2.509975871573161,1.192961278890408,25.421177612182582,9759
64,159081,161373,2292,1.3947705341104069,-1.0199350387482724,-36.17638124653205,2130
65,168449,173062,4613,-2.706923804338288,-2.1682044987773423,38.69419297869963,7076
66,176458,179993,3535,0.3224267371824965,-0.6864929241823177,-64.84185427725602,3396
67,180080,182029,1949,-2.1832947864727004,-0.9094998847668307,22.615252304810674,87
68,182077,185395,3318,2.3983531447508284,-4.378525556177678,-61.288116970226255,48
69,189822,193177,3355,0.5774440700747334,-3.0118998555056606,-79.14689965089163,4427
70,198871,199571,700,2.2973402817572293,-0.8927167715887521,-21.235483680541975,5694
71,199625,202267,2642,3.992500249030769,-3.2193688948799917,-38.8811104755305,54
72,202374,203156,782,2.581257884784165,-1.7742230704753297,-34.502618227577265,107
73,203214,205625,2411,1.1456565912929193,-2.4900241283062883,-65.2929076744172,58
74,207300,215631,8331,-4.784838281024761,-3.4845656797896254,36.06403555646132,1675
75,216676,217115,439,-2.911997971492937,1.4100251418078358,-25.83683505579836,1045
76,218099,218318,219,-2.693964240230599,-0.2802123747985945,5.93825969722823,984
77,223004,227387,4383,-0.2807593442510097,-1.8131135051681753,81.19769950032766,4686
78,230541,232390,1849,0.671770151492737,-1.69064244026994,-68.32979504514793,3154
79,232464,234214,1750,1.5550135760349946,-1.3426805267727957,-40.809052826045985,74
80,240523,241746,1223,-0.7393879518031383,-0.5402900174612739,36.15657159583253,6309
81,242848,247944,5096,-4.102951361911309,-1.076564646343428,14.702293023623685,1102
82,250292,250561,269,1.195595912642844,0.3821211922296186,17.724259702037664,2348
83,252136,252404,268,-1.0567839418521174,-1.032943557988844,44.34637692136963,1575
84,252949,253780,831,-1.180466301830407,-2.9647011634215517,68.28884905341924,545
85,255784,257140,1356,0.6653990792112694,-2.2323462400432845,-73.40217420906413,2004
86,262101,262473,372,-1.5781736072769377,0.28382056106858045,-10.195157838108853,4961
87,262560,264905,2345,-1.155130596501479,-0.07211098635571034,3.5721506770591795,87